
lm_rxs_parameters<-t(data.frame(lm_B1A6_M2$coefficients,lm_B1A6_M3$coefficients,lm_B1A6_M6$coefficients,lm_B1A6_M9$coefficients,lm_B1A6_M12$coefficients,lm_B1A6_M18$coefficients))

 lm_rxs_parameters<-t(data.frame(lm_B1A6_M2$coefficients,lm_B1A6_M3$coefficients,lm_B1A6_M6$coefficients,lm_B1A6_M9$coefficients,lm_B1A6_M12$coefficients,lm_B1A6_M18$coefficients))
> 
> unclass(lm_B1A6_M18)
$coefficients
(Intercept)    r_xp$M18 
 0.03543559  0.92981043 

$residuals
            1             2             3             4             5             6 
-8.623303e-02 -6.261751e-02 -2.772020e-02  1.675323e-01 -1.060076e-01 -4.734112e-02 
            7             8             9            10            11            12 
-7.307877e-02 -7.959215e-02 -9.589887e-02 -3.780311e-02 -6.441496e-02 -3.192464e-03 
           13            14            15            16            17            18 
-5.482054e-02 -4.877513e-02 -1.008125e-01 -5.868341e-02 -4.819623e-02  2.377499e-02 
           19            20            21            22            23            24 
 7.768097e-02 -3.480676e-02  3.013647e-02  5.669785e-02  9.506280e-02  1.876322e-02 
           25            26            27            28            29            30 
-1.656538e-02  1.558000e-01  1.137428e-01  1.233325e-01  1.582333e-01  6.394805e-02 
           31            32            33            34            35            36 
 1.099990e-02 -2.698029e-03  1.969502e-01 -1.411600e-01 -3.931084e-01 -1.835071e-01 
           37            38            39            40            41            42 
-1.111302e-01 -1.561351e-01  4.464995e-03 -1.072459e-01 -1.855758e-02 -3.377381e-03 
           43            44            45            46            47            48 
-6.541941e-03  9.315164e-02  6.089760e-02  4.002746e-02  7.580323e-02  1.904791e-02 
           49            50            51            52            53            54 
 6.452042e-02  3.727606e-02  1.706699e-01  5.092428e-05  7.444804e-02 -1.047609e-01 
           55            56            57            58            59            60 
-7.124613e-03  4.293743e-02 -5.956200e-03  1.361333e-01  3.409603e-02  9.168645e-02 
           61            62            63            64            65            66 
 4.800686e-02 -4.206062e-02  5.324204e-02 -2.300640e-03  4.465745e-02  1.290527e-03 
           67            68            69            70            71            72 
-2.436859e-01 -1.572691e-01 -2.598704e-02 -1.284637e-01  5.715720e-02 -9.548831e-02 
           73            74            75            76            77            78 
-6.389377e-02 -6.165229e-02 -1.237227e-01 -8.456282e-02 -7.412535e-02 -3.307136e-02 
           79            80            81            82            83            84 
-5.963031e-03 -1.045765e-02 -5.279424e-02 -2.334849e-02 -1.941835e-02  1.619862e-02 
           85            86            87            88            89            90 
 7.944541e-02  2.912995e-02  1.345120e-02  1.165146e-01  1.379883e-01 -1.198856e-02 
           91            92            93            94            95            96 
 1.691601e-01 -1.075235e-02  8.264312e-02  2.974854e-02  4.583965e-03  2.246473e-01 
           97            98            99           100           101           102 
-8.385001e-02  3.861988e-02  1.100397e-03 -3.679816e-02 -3.205859e-02  1.382528e-02 
          103           104           105           106           107           108 
 2.292886e-02  1.299366e-01  8.187277e-02  6.269366e-02  1.078607e-01 -2.075786e-02 
          109           110           111           112           113           114 
 6.791429e-02  9.788755e-02  4.475116e-02  2.805574e-02  1.057532e-01 -5.453717e-02 
          115           116           117           118           119           120 
 1.020250e-01  2.296565e-01 -7.586738e-04  8.941446e-02  5.816271e-02 -1.989740e-01 
          121           122           123           124           125           126 
-5.348434e-02 -6.353406e-02 -1.055966e-01 -7.099679e-03  3.120285e-02 -1.464315e-02 
          127           128           129           130           131           132 
-2.684993e-02 -1.154716e-01 -2.265400e-02 -5.366053e-02 -1.167526e-01 -1.437534e-01 
          133           134           135           136           137           138 
-1.316511e-01 -1.122886e-01 -8.621337e-02 -4.561383e-02 -8.194724e-02 -1.602599e-01 
          139           140           141           142           143           144 
-9.058254e-02 -9.781183e-02 -1.454723e-02 -3.335176e-02 -4.199160e-02 -4.384445e-03 
          145           146           147           148           149           150 
-5.424942e-02 -7.919603e-02  1.422248e-03  1.380844e-01  6.840821e-02 -3.342249e-02 
          151           152           153           154           155           156 
 1.435898e-01 -3.398399e-02 -1.694238e-01 -2.368830e-02 -7.568858e-02 -3.574385e-02 
          157           158           159           160           161           162 
 9.085411e-03 -4.967919e-03 -1.473257e-02 -6.906272e-02 -1.000143e-01 -8.334976e-02 
          163           164           165           166           167           168 
-3.241912e-02 -1.169696e-01 -9.596608e-02  1.349018e-02 -3.739766e-02 -4.441865e-02 
          169           170           171           172           173           174 
-6.637896e-02 -1.661951e-01 -9.639696e-02 -1.016799e-01 -5.596273e-02 -4.378635e-02 
          175           176           177           178           179           180 
 2.603923e-02  2.197769e-02  5.904698e-02 -1.537799e-02 -6.967408e-02  9.649946e-02 
          181           182           183           184           185           186 
 1.040086e-01  1.798953e-01  3.047794e-02  1.135848e-01  1.292534e-01  1.665431e-01 
          187           188           189           190           191           192 
 1.431396e-01  1.608243e-01  5.523477e-01  1.587548e-02  2.721437e-02  1.121938e-01 
          193           194           195           196           197           198 
 6.185083e-02  5.957467e-02  7.131394e-02  7.891559e-02  8.431487e-02  2.528603e-03 

$effects
  (Intercept)      r_xp$M18                                                         
-2.560061e+01 -8.237906e+00 -1.708743e-02  1.778919e-01 -9.472790e-02 -3.679861e-02 
                                                                                    
-6.297995e-02 -6.987972e-02 -8.672149e-02 -2.929017e-02 -5.615971e-02  4.666554e-03 
                                                                                    
-4.693904e-02 -4.122826e-02 -9.355021e-02 -5.204671e-02 -4.186476e-02  2.986182e-02 
                                                                                    
 8.393684e-02 -2.808672e-02  3.662262e-02  6.334748e-02  1.020184e-01  2.622631e-02 
                                                                                    
-9.076049e-03  1.631087e-01  1.218923e-01  1.320416e-01  1.675439e-01  7.403374e-02 
                                                                                    
 2.129419e-02  7.504986e-03  2.070090e-01 -1.300683e-01 -3.830342e-01 -1.758549e-01 
                                                                                    
-1.045530e-01 -1.501737e-01  9.540828e-03 -1.021153e-01 -1.405059e-02  1.024768e-03 
                                                                                    
-2.172129e-03  9.747118e-02  6.575426e-02  4.519489e-02  8.113934e-02  2.474809e-02 
                                                                                    
 7.022896e-02  4.326181e-02  1.767469e-01  7.030004e-03  8.129972e-02 -9.756385e-02 
                                                                                    
-6.296215e-04  4.934988e-02  6.704333e-04  1.426747e-01  4.138891e-02  9.908720e-02 
                                                                                    
 5.586326e-02 -3.400894e-02  6.096026e-02  5.672843e-03  5.255404e-02  9.397997e-03 
                                                                                    
-2.356234e-01 -1.506815e-01 -2.030543e-02 -1.228734e-01  6.203396e-02 -9.020380e-02 
                                                                                    
-5.914098e-02 -5.723320e-02 -1.196383e-01 -8.118237e-02 -7.119580e-02 -3.051438e-02 
                                                                                    
-3.529846e-03 -8.007542e-03 -5.035828e-02 -2.118321e-02 -1.733362e-02  1.822395e-02 
                                                                                    
 8.162437e-02  3.182295e-02  1.632817e-02  1.194850e-01  1.416729e-01 -7.493125e-03 
                                                                                    
 1.735472e-01 -5.384721e-03  8.789801e-02  3.545630e-02  1.042832e-02  2.304827e-01 
                                                                                    
-7.671511e-02  4.517576e-02  7.841822e-03 -3.009961e-02 -2.562063e-02  2.004850e-02 
                                                                                    
 2.921986e-02  1.363436e-01  8.901260e-02  7.024852e-02  1.157130e-01 -1.234833e-02 
                                                                                    
 7.611095e-02  1.064252e-01  5.378979e-02  3.727909e-02  1.150740e-01 -4.466382e-02 
                                                                                    
 1.115055e-01  2.396861e-01  1.053091e-02  1.005275e-01  6.963497e-02 -1.873385e-01 
                                                                                    
-4.320669e-02 -5.367023e-02 -9.617719e-02  1.660825e-03  3.992326e-02 -5.736302e-03 
                                                                                    
-1.803619e-02 -1.068155e-01 -1.466658e-02 -4.576294e-02 -1.091349e-01 -1.367813e-01 
                                                                                    
-1.254657e-01 -1.068034e-01 -8.129575e-02 -4.110120e-02 -7.762722e-02 -1.563415e-01 
                                                                                    
-8.754597e-02 -9.523102e-02 -1.245605e-02 -3.126785e-02 -4.004454e-02 -2.622389e-03 
                                                                                    
-5.245059e-02 -7.766138e-02  2.554395e-03  1.393071e-01  7.051832e-02 -3.089449e-02 
                                                                                    
 1.459134e-01 -3.081719e-02 -1.665095e-01 -2.179790e-02 -7.390123e-02 -3.435550e-02 
                                                                                    
 1.033517e-02 -3.585903e-03 -1.330843e-02 -6.765672e-02 -9.894225e-02 -8.276844e-02 
                                                                                    
-3.221987e-02 -1.168439e-01 -9.642230e-02  1.258674e-02 -3.809351e-02 -4.523230e-02 
                                                                                    
-6.735191e-02 -1.674510e-01 -9.852642e-02 -1.042426e-01 -5.898937e-02 -4.700700e-02 
                                                                                    
 2.269910e-02  1.892919e-02  5.624598e-02 -1.773296e-02 -7.204725e-02  9.379316e-02 
                                                                                    
 1.019592e-01  1.785129e-01  3.018981e-02  1.134778e-01  1.298278e-01  1.678662e-01 
                                                                                    
 1.454251e-01  1.638940e-01  5.562974e-01  2.300512e-02  3.423817e-02  1.192105e-01 
                                                                                    
 6.942974e-02  6.742489e-02  7.943321e-02  8.739984e-02  9.320809e-02  1.184897e-02 

$rank
[1] 2

$fitted.values
        1         2         3         4         5         6         7         8         9 
2.8243976 2.7298879 2.6699529 2.6263509 2.7732190 2.6555445 2.5847227 2.5230463 2.4376410 
       10        11        12        13        14        15        16        17        18 
2.3315831 2.2904503 2.2272037 2.2307913 2.1773791 2.1319531 2.0320965 1.9833746 1.9443266 
       19        20        21        22        23        24        25        26        27 
1.9713074 2.0453996 2.0080656 2.0341614 2.0830075 2.1640057 2.1681946 2.1393516 2.2735744 
       28        29        30        31        32        33        34        35        36 
2.3628995 2.4589073 2.5826265 2.6159235 2.6013543 2.5783335 2.7432012 2.5807915 2.1941909 
       37        38        39        40        41        42        43        44        45 
2.0225954 1.9242953 1.7829496 1.7916830 1.6921498 1.6754158 1.6702542 1.6622298 1.7479647 
       46        47        48        49        50        51        52        53        54 
1.7975698 1.8244960 1.8826088 1.8839420 1.9281919 1.9427524 2.0867472 2.0664119 2.1215443 
       55        56        57        58        59        60        61        62        63 
2.0094767 1.9963019 2.0304896 2.0168899 2.1368372 2.1540546 2.2267864 2.2579562 2.2047291 
       64        65        66        67        68        69        70        71        72 
2.2454746 2.2332015 2.2668617 2.2596782 2.0242649 1.8796434 1.8650732 1.7511728 1.8162602 
       73        74        75        76        77        78        79        80        81 
1.7313861 1.6781194 1.6246995 1.5123302 1.4403585 1.3808894 1.3611282 1.3638302 1.3615712 
       82        83        84        85        86        87        88        89        90 
1.3183639 1.3055077 1.2960255 1.3205493 1.4026006 1.4319662 1.4468847 1.5608690 1.6903069 
       91        92        93        94        95        96        97        98        99 
1.6729997 1.8295258 1.8115306 1.8838187 1.9056216 1.9041987 2.1116193 2.0191970 2.0488127 
      100       101       102       103       104       105       106       107       108 
2.0419691 2.0003733 1.9660976 1.9769146 1.9954260 2.1124068 2.1786535 2.2261368 2.3150769 
      109       110       111       112       113       114       115       116       117 
2.2810981 2.3355292 2.4154941 2.4449793 2.4605363 2.5487332 2.4860367 2.5736870 2.7747939 
      118       119       120       121       122       123       124       125       126 
2.7466115 2.8039532 2.8300082 2.6132683 2.5472130 2.4762729 2.3710995 2.3647006 2.3944598 
      127       128       129       130       131       132       133       134       135 
2.3795969 2.3544342 2.2476993 2.2333610 2.1886719 2.0856371 1.9600618 1.8482948 1.7576961 
      136       137       138       139       140       141       142       143       144 
1.6930511 1.6623062 1.5981928 1.4574406 1.3846924 1.3065379 1.3053764 1.2835315 1.2540020 
      145       146       147       148       149       150       151       152       153 
1.2598727 1.2177033 1.1534554 1.1679104 1.3095580 1.3762626 1.3436237 1.4782281 1.4379154 
      154       155       156       157       158       159       160       161       162 
1.2744887 1.2580394 1.1943511 1.1722285 1.1933399 1.2000630 1.1971672 1.1438667 1.0655319 
      163       164       165       166       167       168       169       170       171 
1.0045451 0.9928038 0.8999193 0.8285331 0.8616689 0.8428669 0.8174387 0.7722731 0.6328358 
      172       173       174       175       176       177       178       179       180 
0.5636798 0.4896273 0.4586598 0.4395874 0.4861370 0.5256428 0.5968389 0.5939340 0.5407592 
      181       182       183       184       185       186       187       188       189 
0.6456167 0.7520829 0.9267494 0.9556602 1.0644220 1.1839358 1.3375599 1.4627304 1.6031978 
      190       191       192       193       194       195       196       197       198 
2.1107800 2.0938869 2.0927462 2.1824919 2.2257994 2.2687457 2.3270029 2.3922841 2.4604646 

$assign
[1] 0 1

$qr
$qr
     (Intercept)      r_xp$M18
1   -14.07124728 -2.699689e+01
2     0.07106691 -8.859770e+00
3     0.07106691  9.515898e-02
4     0.07106691  8.986613e-02
5     0.07106691  1.076945e-01
6     0.07106691  9.340995e-02
7     0.07106691  8.481289e-02
8     0.07106691  7.732598e-02
9     0.07106691  6.695862e-02
10    0.07106691  5.408425e-02
11    0.07106691  4.909113e-02
12    0.07106691  4.141363e-02
13    0.07106691  4.184913e-02
14    0.07106691  3.536541e-02
15    0.07106691  2.985114e-02
16    0.07106691  1.772955e-02
17    0.07106691  1.181519e-02
18    0.07106691  7.075159e-03
19    0.07106691  1.035036e-02
20    0.07106691  1.934441e-02
21    0.07106691  1.481244e-02
22    0.07106691  1.798021e-02
23    0.07106691  2.390964e-02
24    0.07106691  3.374201e-02
25    0.07106691  3.425051e-02
26    0.07106691  3.074926e-02
27    0.07106691  4.704257e-02
28    0.07106691  5.788575e-02
29    0.07106691  6.954014e-02
30    0.07106691  8.455842e-02
31    0.07106691  8.860035e-02
32    0.07106691  8.683179e-02
33    0.07106691  8.403729e-02
34    0.07106691  1.040506e-01
35    0.07106691  8.433567e-02
36    0.07106691  3.740620e-02
37    0.07106691  1.657622e-02
38    0.07106691  4.643560e-03
39    0.07106691 -1.251441e-02
40    0.07106691 -1.145426e-02
41    0.07106691 -2.353660e-02
42    0.07106691 -2.556795e-02
43    0.07106691 -2.619452e-02
44    0.07106691 -2.716860e-02
45    0.07106691 -1.676122e-02
46    0.07106691 -1.073966e-02
47    0.07106691 -7.471084e-03
48    0.07106691 -4.167769e-04
49    0.07106691 -2.549331e-04
50    0.07106691  5.116570e-03
51    0.07106691  6.884066e-03
52    0.07106691  2.436361e-02
53    0.07106691  2.189510e-02
54    0.07106691  2.858763e-02
55    0.07106691  1.498374e-02
56    0.07106691  1.338444e-02
57    0.07106691  1.753449e-02
58    0.07106691  1.588362e-02
59    0.07106691  3.044403e-02
60    0.07106691  3.253405e-02
61    0.07106691  4.136297e-02
62    0.07106691  4.514667e-02
63    0.07106691  3.868543e-02
64    0.07106691  4.363153e-02
65    0.07106691  4.214170e-02
66    0.07106691  4.622772e-02
67    0.07106691  4.535571e-02
68    0.07106691  1.677887e-02
69    0.07106691 -7.767388e-04
70    0.07106691 -2.545417e-03
71    0.07106691 -1.637180e-02
72    0.07106691 -8.470838e-03
73    0.07106691 -1.877370e-02
74    0.07106691 -2.523976e-02
75    0.07106691 -3.172439e-02
76    0.07106691 -4.536492e-02
77    0.07106691 -5.410156e-02
78    0.07106691 -6.132053e-02
79    0.07106691 -6.371934e-02
80    0.07106691 -6.339134e-02
81    0.07106691 -6.366556e-02
82    0.07106691 -6.891050e-02
83    0.07106691 -7.047112e-02
84    0.07106691 -7.162216e-02
85    0.07106691 -6.864521e-02
86    0.07106691 -5.868500e-02
87    0.07106691 -5.512030e-02
88    0.07106691 -5.330934e-02
89    0.07106691 -3.947279e-02
90    0.07106691 -2.376031e-02
91    0.07106691 -2.586123e-02
92    0.07106691 -6.860520e-03
93    0.07106691 -9.044956e-03
94    0.07106691 -2.698990e-04
95    0.07106691  2.376753e-03
96    0.07106691  2.204025e-03
97    0.07106691  2.738283e-02
98    0.07106691  1.616367e-02
99    0.07106691  1.975873e-02
100   0.07106691  1.892799e-02
101   0.07106691  1.387866e-02
102   0.07106691  9.717941e-03
103   0.07106691  1.103102e-02
104   0.07106691  1.327812e-02
105   0.07106691  2.747842e-02
106   0.07106691  3.552012e-02
107   0.07106691  4.128412e-02
108   0.07106691  5.208055e-02
109   0.07106691  4.795587e-02
110   0.07106691  5.456327e-02
111   0.07106691  6.427021e-02
112   0.07106691  6.784941e-02
113   0.07106691  6.973789e-02
114   0.07106691  8.044412e-02
115   0.07106691  7.283339e-02
116   0.07106691  8.347326e-02
117   0.07106691  1.078856e-01
118   0.07106691  1.044646e-01
119   0.07106691  1.114253e-01
120   0.07106691  1.145881e-01
121   0.07106691  8.827803e-02
122   0.07106691  8.025958e-02
123   0.07106691  7.164815e-02
124   0.07106691  5.888114e-02
125   0.07106691  5.810439e-02
126   0.07106691  6.171686e-02
127   0.07106691  5.991265e-02
128   0.07106691  5.685815e-02
129   0.07106691  4.390159e-02
130   0.07106691  4.216106e-02
131   0.07106691  3.673625e-02
132   0.07106691  2.422885e-02
133   0.07106691  8.985254e-03
134   0.07106691 -4.582147e-03
135   0.07106691 -1.557993e-02
136   0.07106691 -2.342720e-02
137   0.07106691 -2.715932e-02
138   0.07106691 -3.494205e-02
139   0.07106691 -5.202797e-02
140   0.07106691 -6.085887e-02
141   0.07106691 -7.034606e-02
142   0.07106691 -7.048706e-02
143   0.07106691 -7.313880e-02
144   0.07106691 -7.672339e-02
145   0.07106691 -7.601074e-02
146   0.07106691 -8.112970e-02
147   0.07106691 -8.892875e-02
148   0.07106691 -8.717406e-02
149   0.07106691 -6.997944e-02
150   0.07106691 -6.188217e-02
151   0.07106691 -6.584421e-02
152   0.07106691 -4.950458e-02
153   0.07106691 -5.439813e-02
154   0.07106691 -7.423650e-02
155   0.07106691 -7.623329e-02
156   0.07106691 -8.396442e-02
157   0.07106691 -8.664988e-02
158   0.07106691 -8.408717e-02
159   0.07106691 -8.327105e-02
160   0.07106691 -8.362258e-02
161   0.07106691 -9.009273e-02
162   0.07106691 -9.960180e-02
163   0.07106691 -1.070050e-01
164   0.07106691 -1.084303e-01
165   0.07106691 -1.197055e-01
166   0.07106691 -1.283711e-01
167   0.07106691 -1.243487e-01
168   0.07106691 -1.266311e-01
169   0.07106691 -1.297178e-01
170   0.07106691 -1.352005e-01
171   0.07106691 -1.521268e-01
172   0.07106691 -1.605216e-01
173   0.07106691 -1.695109e-01
174   0.07106691 -1.732700e-01
175   0.07106691 -1.755852e-01
176   0.07106691 -1.699346e-01
177   0.07106691 -1.651390e-01
178   0.07106691 -1.564965e-01
179   0.07106691 -1.568491e-01
180   0.07106691 -1.633040e-01
181   0.07106691 -1.505753e-01
182   0.07106691 -1.376514e-01
183   0.07106691 -1.164486e-01
184   0.07106691 -1.129391e-01
185   0.07106691 -9.973652e-02
186   0.07106691 -8.522874e-02
187   0.07106691 -6.658029e-02
188   0.07106691 -5.138584e-02
189   0.07106691 -3.433449e-02
190   0.07106691  2.728094e-02
191   0.07106691  2.523029e-02
192   0.07106691  2.509183e-02
193   0.07106691  3.598605e-02
194   0.07106691  4.124316e-02
195   0.07106691  4.645641e-02
196   0.07106691  5.352826e-02
197   0.07106691  6.145275e-02
198   0.07106691  6.972918e-02
attr(,"assign")
[1] 0 1

$qraux
[1] 1.071067 1.102434

$pivot
[1] 1 2

$tol
[1] 1e-07

$rank
[1] 2

attr(,"class")
[1] "qr"

$df.residual
[1] 196

$xlevels
named list()

$call
lm(formula = ytm_fin$M18 ~ r_xp$M18)

$terms
ytm_fin$M18 ~ r_xp$M18
attr(,"variables")
list(ytm_fin$M18, r_xp$M18)
attr(,"factors")
            r_xp$M18
ytm_fin$M18        0
r_xp$M18           1
attr(,"term.labels")
[1] "r_xp$M18"
attr(,"order")
[1] 1
attr(,"intercept")
[1] 1
attr(,"response")
[1] 1
attr(,".Environment")
<environment: R_GlobalEnv>
attr(,"predvars")
list(ytm_fin$M18, r_xp$M18)
attr(,"dataClasses")
ytm_fin$M18    r_xp$M18 
  "numeric"   "numeric" 



> summary(lm_B1A6_M18)

Call:
lm(formula = ytm_fin$M18 ~ r_xp$M18)

Residuals:
     Min       1Q   Median       3Q      Max 
-0.39311 -0.06238 -0.00596  0.06057  0.55235 

Coefficients:
            Estimate Std. Error t value Pr(>|t|)    
(Intercept)  0.03544    0.02280   1.554    0.122    
r_xp$M18     0.92981    0.01129  82.332   <2e-16 ***
---
Signif. codes:  0 ‘***’ 0.001 ‘**’ 0.01 ‘*’ 0.05 ‘.’ 0.1 ‘ ’ 1

Residual standard error: 0.1001 on 196 degrees of freedom
Multiple R-squared:  0.9719,	Adjusted R-squared:  0.9718 
F-statistic:  6779 on 1 and 196 DF,  p-value: < 2.2e-16

> unclass(summary(lm_B1A6_M18))
$call
lm(formula = ytm_fin$M18 ~ r_xp$M18)

$terms
ytm_fin$M18 ~ r_xp$M18
attr(,"variables")
list(ytm_fin$M18, r_xp$M18)
attr(,"factors")
            r_xp$M18
ytm_fin$M18        0
r_xp$M18           1
attr(,"term.labels")
[1] "r_xp$M18"
attr(,"order")
[1] 1
attr(,"intercept")
[1] 1
attr(,"response")
[1] 1
attr(,".Environment")
<environment: R_GlobalEnv>
attr(,"predvars")
list(ytm_fin$M18, r_xp$M18)
attr(,"dataClasses")
ytm_fin$M18    r_xp$M18 
  "numeric"   "numeric" 
  

$coefficients
              Estimate Std. Error   t value      Pr(>|t|)
(Intercept) 0.03543559 0.02280424  1.553904  1.218206e-01
r_xp$M18    0.92981043 0.01129336 82.332452 5.462462e-154

$aliased
(Intercept)    r_xp$M18 
      FALSE       FALSE 

$sigma
[1] 0.1000566

$df
[1]   2 196   2

$r.squared
[1] 0.9718982

$adj.r.squared
[1] 0.9717548

$fstatistic
   value    numdf    dendf 
6778.633    1.000  196.000 

$cov.unscaled
            (Intercept)    r_xp$M18
(Intercept)  0.05194451 -0.02444197
r_xp$M18    -0.02444197  0.01273958

> summary_lm_B1A6_M18<-summary(lm_B1A6_M18)
> summary_lm_B1A6_M12<-summary(lm_B1A6_M12)
> summary_lm_B1A6_M9<-summary(lm_B1A6_M9)
> summary_lm_B1A6_M6<-summary(lm_B1A6_M6)
> summary_lm_B1A6_M3<-summary(lm_B1A6_M3)
> summary_lm_B1A6_M2<-summary(lm_B1A6_M2)
> summary_lm_B1A6_M2$adj.r.squared
[1] 0.986329
> summary_lm_B1A6_M18$adj.r.squared
[1] 0.9717548
> lm_rxs_adjRsqr<-t(data.frame(summary_lm_B1A6_M2$adj.r.squared,summary_lm_B1A6_M3$adj.r.squared,summary_lm_B1A6_M6$adj.r.squared,summary_lm_B1A6_M9$adj.r.squared,summary_lm_B1A6_M12$adj.r.squared,summary_lm_B1A6_M18$adj.r.squared))
> View(lm_rxs_adjRsqr)
> View(cbind(lm_rxs_parameters,lm_rxs_adjRsqr)
+ )
> bmstr_tbl1<-cbind(lm_rxs_parameters,lm_rxs_adjRsqr)
> colnames(bmstr_tbl1)[1]<-"intercept"
> colnames(bmstr_tbl1)[2]<-"beta"
> View(bmstr_tbl1)
> colnames(bmstr_tbl1)[3]<-"R2"
> colnames(bmstr_tbl1)[3]<-"R_squared"
> 
