
R version 4.2.0 (2022-04-22 ucrt) -- "Vigorous Calisthenics"
Copyright (C) 2022 The R Foundation for Statistical Computing
Platform: x86_64-w64-mingw32/x64 (64-bit)

R is free software and comes with ABSOLUTELY NO WARRANTY.
You are welcome to redistribute it under certain conditions.
Type 'license()' or 'licence()' for distribution details.

R is a collaborative project with many contributors.
Type 'contributors()' for more information and
'citation()' on how to cite R or R packages in publications.

Type 'demo()' for some demos, 'help()' for on-line help, or
'help.start()' for an HTML browser interface to help.
Type 'q()' to quit R.

[Workspace loaded from ~/.RData]

> library(tibble)
Warning message:
package ‘tibble’ was built under R version 4.2.1 
> column_to_rownames(A,var = "DATE")
                   M1        M2        M3        M4        M5        M6        M7        M8        M9       M10      M11
2006-01-31 0.15546671 0.3388577 0.5079072 0.6732726 0.8315840 0.9877076 1.1456120 1.3015343 1.4571175 1.6129391 1.768979
2006-02-24 0.15968673 0.3322888 0.4949764 0.6531835 0.8073777 0.9603866 1.1102547 1.2592842 1.4091354 1.5594450 1.708447
2006-03-31 0.16612144 0.3210379 0.4782773 0.6298336 0.7800802 0.9259594 1.0730544 1.2213872 1.3681988 1.5121660 1.656674
2006-04-28 0.14426575 0.3111466 0.4621394 0.6120521 0.7593078 0.9050292 1.0513340 1.1960989 1.3396542 1.4839993 1.627843
2006-05-31 0.15057014 0.3053129 0.4587930 0.6118371 0.7630804 0.9123243 1.0649195 1.2180636 1.3696078 1.5217539 1.675656
2006-06-30 0.15068452 0.2991400 0.4459805 0.5915622 0.7368171 0.8822553 1.0277313 1.1732208 1.3195393 1.4668020 1.613680
2006-07-31 0.13352443 0.2909362 0.4355775 0.5793343 0.7235716 0.8655227 1.0080261 1.1520618 1.2959759 1.4399995 1.584567
2006-08-31 0.16375165 0.2698998 0.4225888 0.5615735 0.7007225 0.8398195 0.9788169 1.1175422 1.2557868 1.3940454 1.533307
2006-09-29 0.14008902 0.2786000 0.4148587 0.5508488 0.6851436 0.8192725 0.9535816 1.0876637 1.2216738 1.3560656 1.490285
2006-10-31 0.12773704 0.2707202 0.4032035 0.5346978 0.6650291 0.7939619 0.9231418 1.0522814 1.1808669 1.3089788 1.437509
2006-11-30 0.13146137 0.2628875 0.3934559 0.5227696 0.6510783 0.7788015 0.9057292 1.0324942 1.1594056 1.2861103 1.411890
2006-12-28 0.13118509 0.2609050 0.3887739 0.5147551 0.6391306 0.7627067 0.8860250 1.0094562 1.1323408 1.2545589 1.376542
2007-01-31 0.13706763 0.2568525 0.3841814 0.5100589 0.6343926 0.7583125 0.8825408 1.0055648 1.1273440 1.2489835 1.371258
2007-02-28 0.12766385 0.2534937 0.3786453 0.5030327 0.6263864 0.7482553 0.8679294 0.9871761 1.1069419 1.2267681 1.345814
2007-03-30 0.12617550 0.2496611 0.3702156 0.4929607 0.6144327 0.7331308 0.8521949 0.9721868 1.0911268 1.2080048 1.324783
2007-04-30 0.11624438 0.2458352 0.3668401 0.4878480 0.6032239 0.7189733 0.8345250 0.9471446 1.0577826 1.1687897 1.281472
2007-05-31 0.12157198 0.2400303 0.3574912 0.4733190 0.5894019 0.7000832 0.8090620 0.9182170 1.0276510 1.1363506 1.242708
2007-06-29 0.11781116 0.2334599 0.3475507 0.4600810 0.5702462 0.6787048 0.7873540 0.8961399 1.0028481 1.1067683 1.210500
2007-07-31 0.11390543 0.2272405 0.3388961 0.4490224 0.5585992 0.6676080 0.7762039 0.8847131 0.9932504 1.1017079 1.209981
2007-08-31 0.11270380 0.2237123 0.3353383 0.4465660 0.5580345 0.6703171 0.7831360 0.8962509 1.0091721 1.1219307 1.235512
2007-09-28 0.11094723 0.2214645 0.3316979 0.4415561 0.5516351 0.6620952 0.7727368 0.8833300 0.9945543 1.1067643 1.219168
2007-10-31 0.11140367 0.2226678 0.3336549 0.4452934 0.5569873 0.6685724 0.7804594 0.8928786 1.0064387 1.1194790 1.232337
2007-11-30 0.11127983 0.2228448 0.3348070 0.4466999 0.5599361 0.6748321 0.7899075 0.9050580 1.0204040 1.1359170 1.253046
2007-12-28 0.11118136 0.2225800 0.3348138 0.4479839 0.5633248 0.6806736 0.7977426 0.9144111 1.0329071 1.1568579 1.281033
2008-01-31 0.11098798 0.2228365 0.3352208 0.4485082 0.5643721 0.6814227 0.7978318 0.9191354 1.0426123 1.1653799 1.287601
2008-02-29 0.11110732 0.2225288 0.3344530 0.4475167 0.5613162 0.6767301 0.7954115 0.9144173 1.0325706 1.1511278 1.273249
2008-03-31 0.11193992 0.2260154 0.3408800 0.4591779 0.5819320 0.7071554 0.8317578 0.9559091 1.0818235 1.2141628 1.345318
2008-04-30 0.11584239 0.2337437 0.3551123 0.4786287 0.6041079 0.7326300 0.8616778 0.9943649 1.1288402 1.2639127 1.397596
2008-05-30 0.12018287 0.2417685 0.3647866 0.4922796 0.6216908 0.7544130 0.8923420 1.0298765 1.1672556 1.3049635 1.447658
2008-06-30 0.12233281 0.2469232 0.3746102 0.5061221 0.6431119 0.7831695 0.9234679 1.0630457 1.2043461 1.3578642 1.511183
2008-07-31 0.12870938 0.2590676 0.3927799 0.5298661 0.6691704 0.8133916 0.9569454 1.1055937 1.2585241 1.4102376 1.562525
2008-08-29 0.13269148 0.2670048 0.4033431 0.5445756 0.6879327 0.8333676 0.9817364 1.1309318 1.2792980 1.4287314 1.578047
2008-09-30 0.13620000 0.2743833 0.4162975 0.5590216 0.7038746 0.8497282 0.9955847 1.1418755 1.2879370 1.4330234 1.578981
2008-10-31 0.13688597 0.2746521 0.4132092 0.5583731 0.7061259 0.8560364 1.0059724 1.1616589 1.3184881 1.4771064 1.632846
2008-11-28 0.13545859 0.2717941 0.4103420 0.5511744 0.6922198 0.8347763 0.9804820 1.1254893 1.2714454 1.4171530 1.563648
2008-12-30 0.13403244 0.2667266 0.3964432 0.5224045 0.6473422 0.7706429 0.8936474 1.0175981 1.1381803 1.2541640 1.370177
2009-01-30 0.12648289 0.2497927 0.3693654 0.4879581 0.6001258 0.7095712 0.8197592 0.9269259 1.0339886 1.1403576 1.248457
2009-02-27 0.11998079 0.2376108 0.3526647 0.4602350 0.5676353 0.6707045 0.7730021 0.8752566 0.9780830 1.0806003 1.183338
2009-03-31 0.11127021 0.2165683 0.3152381 0.4119566 0.5065895 0.6003497 0.6944925 0.7888146 0.8827301 0.9769687 1.072030
2009-04-30 0.10140849 0.2011559 0.2988332 0.3950008 0.4911460 0.5866374 0.6824806 0.7784787 0.8755088 0.9719483 1.068125
2009-05-29 0.09733923 0.1923008 0.2852572 0.3762193 0.4666873 0.5566846 0.6476789 0.7384204 0.8295794 0.9201530 1.012973
                M12      M13      M14      M15      M16      M17      M18      M19      M20      M21      M22      M23
2006-01-31 1.923702 2.078388 2.233052 2.387746 2.542554 2.693558 2.844029 2.996121 3.147962 3.297954 3.448069 3.599315
2006-02-24 1.856695 2.004874 2.152698 2.299369 2.445375 2.591722 2.738165 2.883093 3.026176 3.169824 3.314298 3.458228
2006-03-31 1.801733 1.945652 2.089925 2.235242 2.379874 2.523614 2.667270 2.812643 2.958235 3.103139 3.246812 3.392299
2006-04-28 1.771999 1.917109 2.061639 2.206326 2.351160 2.495723 2.642233 2.788865 2.934199 3.080552 3.227497 3.374042
2006-05-31 1.829721 1.984080 2.138459 2.296306 2.464621 2.629785 2.793883 2.961960 3.134144 3.305835 3.476546 3.647072
2006-06-30 1.760406 1.908664 2.059058 2.209982 2.360648 2.511803 2.667211 2.825439 2.983863 3.140481 3.297364 3.455745
2006-07-31 1.729887 1.876131 2.022561 2.168195 2.313826 2.460622 2.608203 2.756022 2.903660 3.051674 3.200630 3.349417
2006-08-31 1.672893 1.812125 1.951159 2.091928 2.231954 2.371533 2.511644 2.653014 2.793848 2.934689 3.077389 3.219970
2006-09-29 1.623393 1.757611 1.894815 2.032551 2.169966 2.306618 2.443454 2.580824 2.718059 2.854848 2.992991 3.132695
2006-10-31 1.566404 1.695125 1.823324 1.951997 2.081560 2.211678 2.341742 2.472201 2.603640 2.735646 2.866762 2.997042
2006-11-30 1.537046 1.662442 1.788323 1.914806 2.041315 2.167485 2.293780 2.420880 2.549512 2.678951 2.808845 2.939048
2006-12-28 1.498561 1.620335 1.741426 1.862282 1.983301 2.104639 2.226035 2.347828 2.469952 2.592204 2.714249 2.835850
2007-01-31 1.494332 1.615605 1.736791 1.857698 1.978900 2.101436 2.224011 2.345330 2.466173 2.589233 2.712066 2.833374
2007-02-28 1.464410 1.583201 1.702132 1.820806 1.938735 2.057377 2.175971 2.293290 2.409954 2.527527 2.645700 2.763579
2007-03-30 1.442090 1.558865 1.673681 1.787422 1.901193 2.015369 2.128604 2.241851 2.356049 2.471280 2.584304 2.697418
2007-04-30 1.390017 1.496959 1.603837 1.710474 1.817765 1.924881 2.031141 2.137469 2.243482 2.347208 2.450103 2.554555
2007-05-31 1.347938 1.453596 1.559006 1.662945 1.765746 1.869633 1.973413 2.075151 2.174594 2.273737 2.374893 2.476541
2007-06-29 1.314052 1.417180 1.520368 1.623711 1.727294 1.831203 1.935178 2.039406 2.144043 2.248361 2.351469 2.453411
2007-07-31 1.318017 1.426265 1.534324 1.642322 1.750626 1.859285 1.968102 2.076944 2.185941 2.295221 2.404491 2.514305
2007-08-31 1.349866 1.463847 1.577079 1.693102 1.812114 1.930607 2.048988 2.168569 2.290080 2.411728 2.533241 2.654981
2007-09-28 1.331627 1.444345 1.557505 1.670857 1.783972 1.896821 2.010593 2.125835 2.241521 2.356499 2.471655 2.588174
2007-10-31 1.346044 1.461066 1.575669 1.690147 1.805197 1.921763 2.038202 2.154916 2.271403 2.387671 2.506976 2.624708
2007-11-30 1.370757 1.488550 1.606170 1.725924 1.847839 1.969739 2.090859 2.212024 2.335350 2.458621 2.581835 2.705872
2007-12-28 1.404522 1.528557 1.657167 1.788087 1.917559 2.047009 2.178070 2.312299 2.446817 2.579813 2.713732 2.848386
2008-01-31 1.411748 1.539735 1.666937 1.793997 1.920771 2.051868 2.182769 2.312277 2.444493 2.576827 2.708635 2.842141
2008-02-29 1.396640 1.519906 1.643069 1.767519 1.896006 2.024178 2.151629 2.281239 2.411703 2.541421 2.672624 2.803746
2008-03-31 1.476445 1.608219 1.744269 1.881875 2.018273 2.155827 2.295152 2.434391 2.575138 2.715537 2.856265 2.999290
2008-04-30 1.533336 1.674962 1.817034 1.956278 2.099539 2.242860 2.387317 2.532919 2.677111 2.822236 2.966819 3.112586
2008-05-30 1.594964 1.740586 1.887445 2.035306 2.185378 2.335858 2.486232 2.636548 2.787539 2.937074 3.087437 3.238086
2008-06-30 1.662592 1.817468 1.974971 2.134079 2.294507 2.453743 2.617141 2.781922 2.945870 3.111245 3.276619 3.439626
2008-07-31 1.716483 1.870134 2.024659 2.178404 2.333666 2.489747 2.646575 2.802497 2.959966 3.112473 3.264014 3.416160
2008-08-29 1.727252 1.876768 2.026916 2.176501 2.326555 2.476248 2.626923 2.777087 2.924424 3.072424 3.220127 3.367527
2008-09-30 1.723907 1.869401 2.015359 2.161727 2.307308 2.453259 2.598656 2.746073 2.892453 3.039627 3.185169 3.327009
2008-10-31 1.793589 1.954001 2.115648 2.276658 2.437809 2.606378 2.775284 2.945578 3.114076 3.282315 3.446863 3.612319
2008-11-28 1.711250 1.858375 2.005104 2.153313 2.302660 2.452238 2.602041 2.750637 2.902431 3.054031 3.206923 3.358659
2008-12-30 1.486600 1.603576 1.720074 1.837012 1.953899 2.070253 2.187683 2.308087 2.427524 2.546354 2.666345 2.787590
2009-01-30 1.354408 1.463457 1.570957 1.677864 1.786313 1.897370 2.010684 2.122363 2.233832 2.348128 2.464125 2.581816
2009-02-27 1.286513 1.389116 1.490461 1.594723 1.699869 1.805359 1.911465 2.015848 2.124665 2.233470 2.342946 2.451259
2009-03-31 1.165590 1.260697 1.359465 1.461267 1.562196 1.663909 1.768160 1.875568 1.983528 2.091617 2.200382 2.309522
2009-04-30 1.166216 1.268397 1.369144 1.472151 1.574458 1.680244 1.787415 1.894351 2.001639 2.111852 2.223205 2.334070
2009-05-29 1.107979 1.202351 1.296882 1.392126 1.489020 1.587040 1.684437 1.782743 1.885724 1.989418 2.092422 2.195712
                M24
2006-01-31 3.750402
2006-02-24 3.600165
2006-03-31 3.538028
2006-04-28 3.521014
2006-05-31 3.814416
2006-06-30 3.614475
2006-07-31 3.497560
2006-08-31 3.363045
2006-09-29 3.272806
2006-10-31 3.128405
2006-11-30 3.069163
2006-12-28 2.957215
2007-01-31 2.955099
2007-02-28 2.880892
2007-03-30 2.811290
2007-04-30 2.661073
2007-05-31 2.575620
2007-06-29 2.554921
2007-07-31 2.624881
2007-08-31 2.776869
2007-09-28 2.705541
2007-10-31 2.742741
2007-11-30 2.831994
2007-12-28 2.983164
2008-01-31 2.975091
2008-02-29 2.936430
2008-03-31 3.141088
2008-04-30 3.257319
2008-05-30 3.386481
2008-06-30 3.603312
2008-07-31 3.567913
2008-08-29 3.511697
2008-09-30 3.468820
2008-10-31 3.778436
2008-11-28 3.516424
2008-12-30 2.908798
2009-01-30 2.697354
2009-02-27 2.565578
2009-03-31 2.418938
2009-04-30 2.444916
2009-05-29 2.301230
 [ reached 'max' / getOption("max.print") -- omitted 158 rows ]
> A<-column_to_rownames(A,var = "DATE")
> yields_lastday_clmn_to_rwnms<-column_to_rownames(yields_lastday,var = "DATE")
> View(yields_lastday_clmn_to_rwnms)
> A<-yields_lastday_clmn_to_rwnms[1:198,2:24]
> B<-yields_lastday_clmn_to_rwnms[2:199,1:23]
> C<-yields_lastday_clmn_to_rwnms[1:198,1]
> A*Maturities
                  M2         M3        M4        M5        M6         M7        M8        M9       M10        M11       M12
2006-01-31 0.1694288 1.18511675 2.1881360 3.1600191 0.1646179 1.14561199 2.1149932 3.0761369 0.1612939 1.12571380 2.0840107
2006-02-24 0.3322888 1.31993713 2.2861422 3.2295108 0.3201289 1.26886257 2.2037474 3.1314119 0.3118890 1.24250669 2.1661440
2006-03-31 0.4815568 1.43483203 2.3618758 3.2763367 0.4629797 1.37964141 2.2901011 3.1924638 0.4536498 1.35546091 2.2521665
2006-04-28 0.6222932 1.54046463 2.4482083 3.3409545 0.6033528 1.50190573 2.3921979 3.2747103 0.5935997 1.47985694 2.3626652
2006-05-31 0.7632822 1.68224107 2.6003076 3.5101697 0.7602703 1.67344489 2.5883852 3.5001088 0.7608769 1.67565581 2.5921044
2006-06-30 0.8974200 1.78392204 2.6620297 3.5367220 0.8822553 1.76182501 2.6397467 3.5187714 0.8800812 1.76037798 2.6406085
2006-07-31 1.0182768 1.88750245 2.7518378 0.1447143 1.0097765 1.87204839 2.7361468 0.1439973 1.0079997 1.87266974 2.7389873
2006-08-31 1.0795990 1.97208123 2.8078674 0.2802890 1.1197593 1.95763385 2.7938555 0.2790637 1.1152363 1.95148104 2.7881554
2006-09-29 1.2537001 2.07429348 2.8919562 0.4110862 1.2289088 2.04338920 2.8551173 0.4072246 1.2204590 2.03220684 2.8409383
2006-10-31 1.3536008 2.15041883 2.9408377 0.5320233 1.3232698 2.11003850 2.8937738 0.5248297 1.3089788 2.09092204 2.8717407
2006-11-30 1.4458812 2.22958318 3.0059252 0.6510783 1.4278027 2.19962806 2.9684208 0.6441142 1.4147213 2.18201140 2.9460047
2006-12-28 1.5654301 2.33264320 3.0885304 0.7669567 1.5254135 2.27834992 3.0283686 0.7548939 1.5054707 2.25252360 2.9971213
2007-01-31 1.6695414 2.43314910 0.1275147 0.8881497 1.6430105 2.39546790 0.1256956 0.8768231 1.6236785 2.36853717 0.1245277
2007-02-28 1.7744560 2.52430200 0.2515163 1.0022182 1.7459291 2.47979828 0.2467940 0.9839484 1.7174754 2.44693403 0.2440683
2007-03-30 1.8724585 2.59150945 0.3697205 1.1059789 1.8328270 2.55658471 0.3645701 1.0911268 1.8120072 2.52913173 0.3605225
2007-04-30 1.9666812 2.69016042 0.4878480 1.2064477 1.9172620 2.62279281 0.4735723 1.1753140 1.8700636 2.56294465 0.4633391
2007-05-31 2.0402577 2.74076562 0.5916488 1.2966842 1.9835692 2.65834667 0.5738856 1.2560178 1.9317960 2.59838890 0.5616410
2007-06-29 2.1011394 2.78040529 0.6901216 1.3685908 2.0361143 2.69949939 0.6721049 1.3371308 1.9921829 2.64108992 0.6570261
2007-07-31 2.1587845 0.11296536 0.7857892 1.4523579 2.1140919 0.11088628 0.7741240 1.4346950 2.0932450 0.10999826 0.7688433
2007-08-31 2.2371233 0.22355888 0.8931321 1.5624965 2.2343902 0.22375315 0.8962509 1.5698233 2.2438613 0.22463847 0.8999104
2007-09-28 2.3253776 0.33169785 0.9935013 1.6549053 2.3173332 0.33117291 0.9937462 1.6575904 2.3242051 0.33250047 0.9987206
2007-10-31 2.4493453 0.44487314 1.1132334 1.7823595 2.4514322 0.44597682 1.1160983 1.7892244 2.4628537 0.44812262 1.1217029
2007-11-30 2.5627157 0.55801164 1.2284248 1.9037829 2.5868565 0.56421961 1.2444548 1.9274297 2.6126092 0.56956637 1.2565274
2007-12-28 2.6709599 0.66962770 1.3439516 2.0279692 2.7226945 0.68377936 1.3716166 2.0658141 2.7764591 0.69874530 1.4045217
2008-01-31 0.1114183 0.78218187 1.4576517 2.1446140 0.1135705 0.79783178 1.4935950 2.2010704 0.1165380 0.81938235 1.5293938
2008-02-29 0.2225288 0.89187473 1.5663083 2.2452649 0.2255767 0.90904166 1.6002302 2.2946014 0.2302256 0.92599963 1.6294137
2008-03-31 0.3390231 1.02263994 1.7219169 2.4441144 0.3535777 1.06940291 1.7923295 2.5242548 0.3642488 1.10071466 1.8455557
2008-04-30 0.4674874 1.18370773 1.9145149 2.6580748 0.4884200 1.23096835 1.9887298 2.7593872 0.5055651 1.27054156 2.0444474
2008-05-30 0.6044212 1.33755097 2.0921884 2.8597777 0.6286775 1.40225173 2.1884875 2.9829865 0.6524818 1.44765795 2.2595316
2008-06-30 0.7407696 1.49844061 2.2775495 3.0869373 0.7831695 1.58308790 2.3918527 3.2115896 0.8147185 1.64856275 2.4938882
2008-07-31 0.9067365 1.70204613 2.5168642 0.1338341 0.9489568 1.77718425 2.6257850 0.1398360 0.9871663 1.84662001 2.7177645
2008-08-29 1.0680191 1.88226786 2.7228781 0.2751731 1.1111568 1.96347287 2.8273295 0.2842885 1.1429851 2.00842386 2.8787533
2008-09-30 1.2347247 2.08148736 2.9348633 0.4223248 1.2745923 2.13339586 2.9974233 0.4293123 1.2897211 2.15315532 3.0168366
2008-10-31 1.3732605 2.20378266 3.0710519 0.5649007 1.4267273 2.29936554 3.1945620 0.5859947 1.4771064 2.37504871 3.2882465
2008-11-28 1.4948673 2.32527115 3.1692526 0.6922198 1.5304233 2.38117064 3.2357818 0.7063586 1.5588683 2.41654764 3.2798951
2008-12-30 1.6003597 2.37865942 3.1344271 0.7768106 1.5412859 2.29795047 3.0527943 0.7587869 1.5049967 2.24210756 2.9732006
2009-01-30 1.6236525 2.33931450 0.1219895 0.8401761 1.5374044 2.22506060 0.1158657 0.8042134 1.4824649 2.15642626 0.1128673
2009-02-27 1.6632758 2.35109817 0.2301175 0.9082165 1.5649771 2.20857743 0.2188142 0.8694071 1.5128405 2.15152335 0.2144188
2009-03-31 1.6242622 2.20666659 0.3089675 0.9118612 1.5008744 2.08347746 0.2958055 0.8827301 1.4654531 2.04660312 0.2913975
2009-04-30 1.6092472 2.19144357 0.3950008 0.9822920 1.5643664 2.14493918 0.3892393 0.9727876 1.5551173 2.13624902 0.3887386
2009-05-29 1.6345568 2.18697157 0.4702742 1.0267121 1.5772731 2.12808768 0.4615127 1.0139304 1.5642600 2.11803476 0.4616578
2009-06-30 1.6137808 2.13292219 0.5302046 1.0574207 1.5853582 2.11223851 0.5272925 1.0560966 1.5927959 2.13382902 0.5352634
2009-07-31 1.6392727 0.08638796 0.6036900 1.1212820 1.6402160 0.08637525 0.6067233 1.1334718 1.6630826 0.08783537 0.6178887
                 M13       M14        M15       M16       M17       M18       M19       M20       M21       M22        M23
2006-01-31 3.0376447 0.1595037 1.11428155 2.0658251 3.0104470 0.1580016 1.1038340 2.0461751 2.9838627 0.1567304 1.09544360
2006-02-24 3.0844219 0.3075283 1.22632996 2.1397029 3.0490846 0.3042405 1.2139338 2.1183230 3.0188803 0.3012998 1.20286185
2006-03-31 3.1429762 0.4478412 1.34114540 2.2311318 3.1174056 0.4445451 1.3323043 2.2186763 3.1031389 0.4427471 1.32742147
2006-04-28 3.2443391 0.5890398 1.47088381 2.3511602 3.2297594 0.5871628 1.4678235 2.3473589 3.2272453 0.5868176 1.46697479
2006-05-31 3.5102955 0.7637355 1.68395757 2.6186595 3.5579440 0.7760787 1.7148187 2.6640227 3.6206765 0.7901242 1.74425187
2006-06-30 3.5236882 0.8824535 1.76798540 2.6557294 3.5460751 0.8890704 1.7844875 2.6854765 3.5891216 0.8992810 1.80299721
2006-07-31 0.1443178 1.0112807 1.87910273 2.7476684 0.1447425 1.0143013 1.8856993 2.7584768 0.1453178 1.0183824 1.89314881
2006-08-31 0.2787885 1.1149477 1.95246612 2.7899419 0.2790038 1.1162862 1.9548524 2.7938485 0.2794942 1.1190505 1.95998148
2006-09-29 0.4056024 1.2180954 2.03255080 2.8480803 0.4070502 1.2217271 2.0374925 2.8539615 0.4078354 1.2244053 2.04306164
2006-10-31 0.5215769 1.3023739 2.08213055 2.8621450 0.5203947 1.3009679 2.0818535 2.8640044 0.5210755 1.3030738 2.08489855
2006-11-30 0.6394008 1.4051111 2.17011324 2.9343896 0.6374957 1.4017544 2.1660508 2.9319384 0.6378455 1.4044225 2.17233967
2006-12-28 0.7478470 1.4926509 2.23473813 2.9749522 0.7428139 1.4840235 2.2242578 2.9639421 0.7406297 1.4804997 2.21936050
2007-01-31 0.8699411 1.6127348 2.35308435 0.1236813 0.8652973 1.6062303 2.3453300 0.1233086 0.8630778 1.6025845 2.34061303
2007-02-28 0.9742773 1.7021316 2.42774155 0.2423419 0.9681772 1.6924217 2.4139893 0.2409954 0.9628673 1.6836270 2.40311217
2007-03-30 1.0792144 1.7932300 2.50239089 0.3564737 1.0669601 1.7738366 2.4778348 0.3534074 1.0591202 1.7620255 2.46285997
2007-04-30 1.1515068 1.8329562 2.50869461 0.4544412 1.1322828 1.8054583 2.4749641 0.4486964 1.1177183 1.7818933 2.44348775
2007-05-31 1.2299658 1.8930785 2.54984905 0.5517956 1.2097627 1.8637790 2.5120250 0.5436484 1.1910053 1.8351443 2.47654071
2007-06-29 1.3081658 1.9547588 2.59793716 0.6477353 1.2926142 1.9351783 2.5760914 0.6432130 1.2847775 1.9239289 2.56008113
2007-07-31 1.4262649 2.0822967 0.10948810 0.7658989 1.4218061 2.0774406 0.1093128 0.7650794 1.4208511 2.0766059 0.10931760
2007-08-31 1.5764505 2.2529700 0.22574699 0.9060569 1.5899116 2.2766538 0.2282704 0.9160318 1.6078189 2.3029464 0.23086793
2007-09-28 1.6665518 2.3362580 0.33417141 1.0034844 1.6736655 2.3456916 0.3356581 1.0086843 1.6832139 2.3593073 0.33758794
2007-10-31 1.7982350 2.4760511 0.45070583 1.1282480 1.8087180 2.4911359 0.4536665 1.1357017 1.8191783 2.5069763 0.45647103
2007-11-30 1.9465649 2.6387085 0.57530798 1.2703891 1.9697388 2.6716535 0.5821115 1.2844423 1.9903120 2.6991910 0.58823314
2007-12-28 2.1164629 2.8408574 0.71523486 1.4381694 2.1674209 2.9040937 0.7301998 1.4680904 2.2112684 2.9604354 0.74305731
2008-01-31 2.2503821 0.1190670 0.83719864 1.5606262 2.2932637 0.1212649 0.8518916 1.5889207 2.3314153 0.1231198 0.86499956
2008-02-29 2.3383166 0.2347242 0.94267665 1.6590055 2.3813861 0.2390699 0.9605215 1.6881919 2.4204009 0.2429658 0.97521611
2008-03-31 2.5978916 0.3737718 1.12912516 1.8921310 2.6630809 0.3825253 1.1531328 1.9313535 2.7155375 0.3894907 1.17363526
2008-04-30 2.8345519 0.5191525 1.30418551 2.0995387 2.9025247 0.5305149 1.3331152 2.1416886 2.9566279 0.5394216 1.35329823
2008-05-30 3.0794988 0.6740873 1.49255782 2.3219637 3.1602785 0.6906200 1.5264227 2.3694084 3.2167948 0.7016902 1.54864974
2008-06-30 3.3553250 0.8464159 1.70726312 2.5813199 3.4641076 0.8723802 1.7570032 2.6512834 3.5557081 0.8936233 1.79458760
2008-07-31 0.1438564 1.0123294 1.88794985 2.7712290 0.1464557 1.0292234 1.9174979 2.8119681 0.1482130 1.0385498 1.93087304
2008-08-29 0.2887335 1.1582376 2.03140067 2.9081931 0.2913233 1.1675215 2.0462744 2.9244241 0.2926118 1.1709552 2.04979891
2008-09-30 0.4314003 1.2955881 2.16172718 3.0283415 0.4329280 1.2993281 2.1679528 3.0370758 0.4342324 1.3030235 2.16978845
2008-10-31 0.6012311 1.5111773 2.42843470 3.3519879 0.6132653 1.5418242 2.4804870 3.4254836 0.6252029 1.5667560 2.51291747
2008-11-28 0.7147596 1.5754391 2.44042196 3.3100734 0.7212465 1.5901363 2.4610962 3.3377962 0.7271503 1.6034613 2.48248696
2008-12-30 0.7401118 1.4743492 2.20441454 2.9308487 0.7306774 1.4584554 2.1866089 2.9130286 0.7275297 1.4543698 2.18159237
2009-01-30 0.7880151 1.4587458 2.12529482 0.1116446 0.7812698 1.4521605 2.1223632 0.1116916 0.7827092 1.4560740 2.13280476
2009-02-27 0.8548406 1.4904608 2.12629763 0.2124836 0.8495807 1.4866952 2.1219457 0.2124665 0.8508455 1.4909659 2.13152970
2009-03-31 0.8727900 1.4565699 2.04577373 0.2929117 0.8808931 1.4734669 2.0729960 0.2975292 0.8964072 1.5002601 2.10869418
2009-04-30 0.9756902 1.5647359 2.15915477 0.3936144 0.9883790 1.5888130 2.1934589 0.4003279 1.0056438 1.6168764 2.23258903
2009-05-29 1.0173740 1.5747856 2.13459295 0.4653188 1.0269081 1.5908573 2.1580569 0.4714311 1.0420760 1.6168716 2.19571153
2009-06-30 1.0747195 1.6239474 2.18372132 0.5498141 1.1060514 1.6735922 2.2564676 0.5696289 1.1491127 1.7383494 2.33873748
2009-07-31 1.1571198 1.7045203 0.09025243 0.6363123 1.1953166 1.7649294 0.0937635 0.6620218 1.2400679 1.8283139 0.09703383
                 M24
2006-01-31 2.0314679
2006-02-24 2.1000961
2006-03-31 2.2112674
2006-04-28 2.3473430
2006-05-31 2.7018783
2006-06-30 2.7108561
2006-07-31 2.7689018
2006-08-31 2.8025377
2006-09-29 2.8637054
2006-10-31 2.8677047
2006-11-30 2.9412817
2006-12-28 2.9572146
2007-01-31 0.1231291
2007-02-28 0.2400743
2007-03-30 0.3514112
2007-04-30 0.4435122
2007-05-31 0.5365875
2007-06-29 0.6387302
2007-07-31 0.7655902
2007-08-31 0.9256231
2007-09-28 1.0145778
2007-10-31 1.1428089
2007-11-30 1.2979973
2007-12-28 1.4915819
2008-01-31 1.6115078
2008-02-29 1.7129177
2008-03-31 1.9631801
2008-04-30 2.1715462
2008-05-30 2.3987575
2008-06-30 2.7024842
2008-07-31 2.8245977
2008-08-29 2.9264138
2008-09-30 3.0352179
2008-10-31 3.4635659
2008-11-28 3.3699061
2008-12-30 2.9087984
2009-01-30 0.1123897
2009-02-27 0.2137982
2009-03-31 0.3023673
2009-04-30 0.4074861
2009-05-29 0.4794228
2009-06-30 0.5901540
2009-07-31 0.6845778
 [ reached 'max' / getOption("max.print") -- omitted 155 rows ]
> A*Maturities[2,24]
Error in Maturities[2, 24] : incorrect number of dimensions
> A*Maturities[2:24]
                  M2        M3        M4        M5        M6        M7        M8        M9       M10       M11       M12
2006-01-31 0.3388577 2.7088383 1.1782271 3.4926527 1.9754152 0.4909766 2.7657604 1.2952155 3.5484661 2.0906113 0.6412341
2006-02-24 0.4984332 2.8048664 1.3063669 3.5524619 2.0808377 0.6344313 2.8333895 1.4091354 3.5867236 2.1743867 0.7736229
2006-03-31 0.6420757 2.8696641 1.4171255 3.5883687 2.1605719 0.7664675 2.9007947 1.5202209 3.6291984 2.2591015 0.9008666
2006-04-28 0.7778665 2.9268828 1.5301302 3.6446776 2.2625729 0.9011434 2.9902474 1.6373552 0.2967999 2.3677711 1.0336660
2006-05-31 0.9159386 3.0586201 1.6825520 0.3052322 2.4328648 1.0649195 3.1974170 1.8261437 0.4565262 2.5896499 1.2198138
2006-06-30 1.0469900 3.1218636 1.7746865 0.4420903 2.4997233 1.1745500 3.2263571 1.9060012 0.5867208 2.6405670 1.3203043
2006-07-31 1.1637450 3.1942349 1.8828364 0.5788573 2.5965681 1.2960335 3.3121777 2.0159625 0.7199998 2.7369789 1.4415723
2006-08-31 1.2145489 3.2398477 1.9655072 0.7007225 2.6594283 1.3983099 3.3526266 2.0929780 0.8364272 2.7878301 1.5334855
2006-09-29 1.3930001 3.3188696 2.0656830 0.8221724 2.7309085 1.4984854 0.2719159 2.1718645 0.9492459 2.8450896 1.6233933
2006-10-31 1.4889609 0.2688024 2.1387911 0.9310408 2.7788665 1.5825289 0.3946055 2.2305264 1.0471831 2.8750178 1.6969377
2006-11-30 1.5773250 0.3934559 2.2217708 1.0417253 2.8556054 1.6820685 0.5162471 2.3188113 1.1574992 2.9521331 1.7932203
2006-12-28 1.6958826 0.5183652 2.3163978 1.1504351 2.9237091 1.7720499 0.6309101 2.3904973 1.2545589 3.0033648 1.8732008
2007-01-31 1.7979677 0.6403024 2.4227799 1.2687853 3.0332501 1.8911589 0.7541736 2.5052090 1.3738818 0.2493197 1.9924429
2007-02-28 1.9012029 0.7572906 2.5151635 1.3780500 0.2494184 1.9838386 0.8637791 2.5828645 1.4721218 0.3670401 2.0745809
2007-03-30 1.9972890 0.8638365 2.5880435 1.4746385 0.3665654 2.0696162 0.9721868 2.6671988 1.5704063 0.4817394 2.1631349
2007-04-30 2.0895988 0.9782402 2.6831641 1.5683821 0.4793155 2.1459214 1.0655376 2.7032221 1.6363056 0.5824874 2.2008606
2007-05-31 2.1602728 1.0724735 2.7215844 1.6503253 0.5834027 2.1960255 1.1477713 2.7404026 1.7045258 0.6778406 2.2465639
2007-06-29 2.2178694 1.1585022 2.7604863 1.7107385 0.6787048 2.2495828 1.2321924 0.2228551 1.7708293 0.7703179 2.2995912
2007-07-31 2.2724048 1.2426189 0.2245112 1.7875174 0.7788760 2.3286118 1.3270697 0.3310835 1.8729034 0.8799861 2.4163647
2007-08-31 2.3489795 1.3413533 0.3349245 1.8973172 0.8937561 2.4612846 1.4564077 0.4485209 2.0194752 1.0108731 2.5872423
2007-09-28 2.4361099 1.4373574 0.4415561 1.9858864 0.9931428 2.5389923 1.5458275 0.5525301 2.1028522 1.1083349 2.6632548
2007-10-31 2.5606792 1.5570560 0.5566167 2.1165519 1.1142873 2.6758609 1.6741475 0.6709591 2.2389579 1.2323372 0.2243406
2007-11-30 2.6741381 1.6740349 0.6700499 2.2397445 1.2371923 0.2256878 1.8101160 0.7936475 2.3854258 1.3669593 0.3426893
2007-12-28 0.2225800 1.7856739 0.7839718 2.3659641 1.3613472 0.3418897 1.9431235 0.9181396 2.5450875 1.5139481 0.4681739
2008-01-31 0.3342548 1.8995845 0.8970164 2.4832373 1.4764159 0.4559039 2.0680546 1.0426123 2.6803737 1.6387647 0.5882284
2008-02-29 0.4450576 2.0067182 1.0069125 2.5820547 1.5790369 0.5681510 2.1717410 1.1473007 2.7627066 1.7362493 0.6983202
2008-03-31 0.5650385 2.1589065 1.1479446 2.7932735 1.7678885 0.7129353 2.3897727 1.3222287 0.2428326 1.9568261 0.8612593
2008-04-30 0.7012311 2.3674155 1.3162290 0.2416432 1.9536799 0.8616778 2.6102079 1.5051203 0.3791738 2.1599207 1.0222237
2008-05-30 0.8461897 2.5535064 1.4768389 0.3730145 2.1375036 1.0198194 2.8321603 1.6860359 0.5219854 2.3688948 1.1962226
2008-06-30 0.9876928 2.7471411 1.6448969 0.5144895 2.3495086 1.1873159 3.0562563 1.8734273 0.6789321 2.6102244 1.3854935
2008-07-31 1.1658041 3.0113124 1.8545315 0.6691704 2.5757399 1.3670648 3.3167811 2.0975402 0.8461426 2.8409539 1.5734426
2008-08-29 1.3350238 3.2267449 2.0421586 0.8255192 2.7778919 1.5427287 0.2827329 2.2743076 1.0001120 3.0126358 1.7272520
2008-09-30 1.5091080 0.2775316 2.2360864 0.9854245 2.9740487 1.7067167 0.4282033 2.4327699 1.1464187 3.1579611 1.8675655
2008-10-31 1.6479126 0.4132092 2.3730856 1.1298014 3.1388000 1.8682345 0.5808294 2.6369761 1.3293957 3.4141325 2.0925205
2008-11-28 1.7666614 0.5471226 2.4802846 1.2459956 3.1999760 1.9609641 0.7034308 2.6841626 1.4171530 3.4115967 2.1390620
2008-12-30 1.8670864 0.6607387 2.4814215 1.2946844 3.0825717 1.9149587 0.7631986 2.5292896 1.3795803 0.2491231 1.9821337
2009-01-30 1.8734452 0.7387309 2.4397905 1.3202767 0.2365237 1.8737352 0.8110602 2.4126401 1.3684291 0.3404884 1.9187441
2009-02-27 1.9008866 0.8228844 2.4162336 1.3623248 0.3353522 1.8772908 0.8752566 2.3908695 1.4047804 0.4303047 1.9297695
2009-03-31 1.8408305 0.8406349 2.2657615 1.3171328 0.4002332 1.7858378 0.8874165 2.2558658 1.3677562 0.4872865 1.8455173
2009-04-30 1.8104031 0.8964996 2.2712544 1.3752087 0.4888645 1.8524475 0.9730984 2.3346902 1.4579225 0.5826134 1.9436932
2009-05-29 1.8268576 0.9508572 2.2573161 1.4000620 0.5566846 1.8505110 1.0153280 0.1843510 1.4722448 0.6446193 1.9389626
2009-06-30 1.7930898 0.9775893 0.1767349 1.4098942 0.6165282 1.8482087 1.0545851 0.2640242 1.5043072 0.7112763 1.9626325
2009-07-31 1.8118277 1.0366555 0.2587243 1.4662918 0.6906173 1.9002556 1.1267718 0.3487606 1.5755519 0.7905183 2.0302056
                 M13       M14       M15       M16       M17       M18       M19       M20       M21       M22       M23
2006-01-31 2.8777686 1.4355334 3.6612108 2.2247347 0.7922229 3.0020302 1.5769058 3.7775540 2.3556811 0.9403824 3.1298389
2006-02-24 2.9302008 1.5376413 3.6789899 2.2925388 0.9147254 3.0424051 1.6691589 0.3026176 2.4151043 1.0545494 3.1575124
2006-03-31 2.9933107 1.6420843 0.2980323 2.3798739 1.0391352 3.1118155 1.7764058 0.4437353 2.5120649 1.1806589 3.2448080
2006-04-28 3.0968691 1.7671194 0.4412651 2.4981077 1.1744580 3.2293955 1.9081705 0.5868397 2.6404734 1.3203396 3.3740420
2006-05-31 3.3576739 1.9857124 0.6123482 2.7726983 1.3922389 3.5699618 2.1824966 0.7835361 2.9909936 1.5802484 3.8056404
2006-06-30 3.3768678 2.0590582 0.7366606 2.8032699 1.4775313 3.5562818 2.2306094 0.8951588 2.9909347 1.6486819 0.3004995
2006-07-31 3.4636261 2.1670301 0.8672782 2.8922826 1.5921670 0.2898004 2.3208606 1.0162809 3.0516740 1.7457984 0.4368805
2006-08-31 0.2787885 2.2298954 0.9762331 2.9294390 1.6740230 0.4186073 2.3737493 1.1175394 3.0744359 1.8184570 0.5599947
2006-09-29 0.4056024 2.3008469 1.0840271 2.9837032 1.7638843 0.5429898 2.4449910 1.2231264 3.1267381 1.9046305 0.6810205
2006-10-31 0.5215769 2.3442731 1.1711984 2.9922425 1.8213816 0.6504839 2.4722010 1.3018202 3.1264529 1.9546107 0.7818370
2006-11-30 0.6394008 2.4270100 1.2765372 3.0619718 1.9124872 0.7645933 2.5482950 1.4022314 0.2551382 2.0427963 0.8944928
2006-12-28 0.7478470 2.4877515 1.3656733 0.2479127 1.9808370 0.8656804 2.5949674 1.4819711 0.3703149 2.0973745 0.9863824
2007-01-31 0.8699411 2.6051870 1.4861585 0.3710438 2.1014362 0.9884494 2.7156453 1.6030123 0.4931873 2.2189631 1.1087114
2007-02-28 0.9742773 2.6747783 1.5780320 0.4846838 2.1783987 1.0879854 2.7760877 1.6869676 0.6017920 2.2849223 1.2015561
2007-03-30 1.0792144 2.7496194 1.6682606 0.5941228 2.2524714 1.1825578 2.8318112 1.7670370 0.7060801 2.3493673 1.2900695
2007-04-30 1.1515068 2.7494342 1.7104736 0.6816618 2.2645656 1.2412526 0.2249967 1.7947856 0.7824028 2.3387350 1.3328115
2007-05-31 1.2299658 0.2227151 1.7738080 0.7725138 2.3095469 1.3156087 0.3276554 1.8484046 0.8661857 2.3748927 1.3997839
2007-06-29 1.3081658 0.3257931 1.8402055 0.8636470 2.3697927 1.3976288 0.4293486 1.9296389 0.9635831 2.4583535 1.4933807
2007-07-31 1.4262649 0.4383783 1.9707859 0.9847271 2.5155030 1.5307457 0.5465641 2.0766442 1.0929624 2.6230811 1.6397639
2007-08-31 1.5764505 0.5632425 2.1445964 1.1325711 2.7255627 1.7074903 0.6848113 2.2900796 1.2632863 0.2302946 1.8469434
2007-09-28 1.6665518 0.6675023 2.2278094 1.2264809 0.2231554 1.7871936 0.7832023 2.3535967 1.3465711 0.3370439 1.9129984
2007-10-31 1.7982350 0.7878344 2.3662056 1.3538976 0.3391346 1.9249686 0.9073330 2.4985438 1.4780823 0.4558139 2.0541196
2007-11-30 1.9465649 0.9178116 2.5313551 1.5013689 0.4634679 2.0908593 1.0478007 2.6856521 1.6390805 0.5867807 2.2352859
2007-12-28 2.1164629 1.0653215 2.7417336 1.6778643 0.6020614 2.2990742 1.2169997 2.9361807 1.8427236 0.7401089 2.4768577
2008-01-31 2.2503821 1.1906696 2.8703953 1.8007225 0.7241886 2.4252988 1.3386868 0.2444493 1.9632971 0.8618385 2.5949987
2008-02-29 2.3383166 1.2909832 0.2356692 1.8960063 0.8334851 2.5102341 1.4407822 0.3617554 2.0573408 0.9718631 2.6818443
2008-03-31 2.5978916 1.4950873 0.3763751 2.1444151 1.0145070 2.8051854 1.6656363 0.5150276 2.3276035 1.1684722 2.9992901
2008-04-30 2.8345519 1.6872456 0.5216742 2.3619811 1.1873965 3.0504609 1.8663612 0.6692777 2.5534514 1.3485541 3.2479158
2008-05-30 3.0794988 1.8874445 0.6784354 2.5951359 1.3740341 3.3149760 2.0814856 0.8362618 2.7972129 1.5437185 0.2815727
2008-06-30 3.3553250 2.1160398 0.8536316 2.8681332 1.5877160 0.2907934 2.3426710 1.0310547 3.1112446 1.7872467 0.4486469
2008-07-31 0.2877129 2.3138957 1.0165884 3.0629373 1.7574686 0.4410958 2.5074973 1.1839866 3.2606861 1.9287354 0.5941148
2008-08-29 0.4331002 2.4612550 1.1608004 3.1990124 1.8936012 0.5837608 2.6309242 1.3159908 3.3650362 2.0491715 0.7320710
2008-09-30 0.5752003 2.5911762 1.2970363 3.3167549 2.0203309 0.7218490 2.7460735 1.4462266 3.4738592 2.1717059 0.8679154
2008-10-31 0.7515388 2.8712368 1.5177717 3.6567141 2.2997450 0.9250945 3.1006088 1.7127418 0.3126014 2.5068096 1.0994014
2008-11-28 0.8577116 2.8644347 1.5790966 0.2878325 2.3079886 1.0119049 3.0401776 1.7414589 0.4362902 2.4780766 1.1682292
2008-12-30 0.8634638 2.5801111 1.4696097 0.3663561 2.0702528 0.9723036 2.6725220 1.5778905 0.4850198 2.1815546 1.0907962
2009-01-30 0.9005886 2.4686468 1.4541491 0.4465783 2.0089796 1.0053419 2.5691765 1.5636821 0.5590780 2.1281081 1.1225288
2009-02-27 0.9616957 2.4486142 1.4884083 0.5312091 2.0177542 1.0619252 2.5463348 1.5934985 0.6381342 2.1299513 1.1723413
2009-03-31 0.9697666 2.3305119 1.4612670 0.5858233 1.9575403 1.0805424 0.1974282 1.5868226 0.6972056 2.1003642 1.2049681
2009-04-30 1.0732592 0.1955920 1.5702944 0.6888253 2.0755958 1.1916097 0.2991080 1.7013934 0.8045151 2.2232051 1.3192572
2009-05-29 1.1098625 0.2779033 1.5777426 0.7445101 2.0538163 1.2165379 0.3753142 1.6971519 0.8526076 2.1875322 1.3365201
2009-06-30 1.1642795 0.3608772 1.6377910 0.8247211 2.1199319 1.3016829 0.4700974 1.8038247 0.9575939 2.3177992 1.4617109
2009-07-31 1.2461290 0.4485580 1.7147962 0.9090175 2.2067383 1.3933653 0.5625810 1.8914907 1.0492883 0.1924541 1.5525413
                 M24
2006-01-31 1.7189344
2006-02-24 1.8000824
2006-03-31 1.9164317
2006-04-28 2.0539251
2006-05-31 2.3840102
2006-06-30 2.4096498
2006-07-31 2.4774385
2006-08-31 2.5222839
2006-09-29 2.5909715
2006-10-31 2.6070043
2006-11-30 2.6855180
2006-12-28 2.7107800
2007-01-31 2.8319697
2007-02-28 2.8808917
2007-03-30 0.2342741
2007-04-30 0.3326342
2007-05-31 0.4292700
2007-06-29 0.5322752
2007-07-31 0.6562202
2007-08-31 0.8099203
2007-09-28 0.9018469
2007-10-31 1.0285281
2007-11-30 1.1799975
2007-12-28 1.3672834
2008-01-31 1.4875457
2008-02-29 1.5905665
2008-03-31 1.8323014
2008-04-30 2.0358246
2008-05-30 2.2576541
2008-06-30 2.5523462
2008-07-31 2.6759346
2008-08-29 2.7800931
2008-09-30 2.8906837
2008-10-31 3.3061311
2008-11-28 3.2233884
2008-12-30 2.7875985
2009-01-30 2.6973537
2009-02-27 0.2137982
2009-03-31 0.3023673
2009-04-30 0.4074861
2009-05-29 0.4794228
2009-06-30 0.5901540
2009-07-31 0.6845778
 [ reached 'max' / getOption("max.print") -- omitted 155 rows ]
> t(t(A)*Maturities[2:24])
                   M2         M3         M4         M5        M6        M7        M8        M9       M10       M11
2006-01-31 0.33885767 0.50790718 0.67327263 0.83158398 0.9877076 1.1456120 1.3015343 1.4571175 1.6129391 1.7689788
2006-02-24 0.33228877 0.49497643 0.65318347 0.80737770 0.9603866 1.1102547 1.2592842 1.4091354 1.5594450 1.7084467
2006-03-31 0.32103785 0.47827734 0.62983355 0.78008016 0.9259594 1.0730544 1.2213872 1.3681988 1.5121660 1.6566744
2006-04-28 0.31114658 0.46213939 0.61205207 0.75930784 0.9050292 1.0513340 1.1960989 1.3396542 1.4839993 1.6278426
2006-05-31 0.30531288 0.45879302 0.61183707 0.76308038 0.9123243 1.0649195 1.2180636 1.3696078 1.5217539 1.6756558
2006-06-30 0.29913999 0.44598051 0.59156216 0.73681708 0.8822553 1.0277313 1.1732208 1.3195393 1.4668020 1.6136798
2006-07-31 0.29093624 0.43557749 0.57933427 0.72357161 0.8655227 1.0080261 1.1520618 1.2959759 1.4399995 1.5845667
2006-08-31 0.26989975 0.42258883 0.56157348 0.70072250 0.8398195 0.9788169 1.1175422 1.2557868 1.3940454 1.5333065
2006-09-29 0.27860001 0.41485870 0.55084881 0.68514363 0.8192725 0.9535816 1.0876637 1.2216738 1.3560656 1.4902850
2006-10-31 0.27072016 0.40320353 0.53469776 0.66502915 0.7939619 0.9231418 1.0522814 1.1808669 1.3089788 1.4375089
2006-11-30 0.26288750 0.39345586 0.52276960 0.65107830 0.7788015 0.9057292 1.0324942 1.1594056 1.2861103 1.4118897
2006-12-28 0.26090502 0.38877387 0.51475507 0.63913060 0.7627067 0.8860250 1.0094562 1.1323408 1.2545589 1.3765422
2007-01-31 0.25685252 0.38418144 0.51005893 0.63439264 0.7583125 0.8825408 1.0055648 1.1273440 1.2489835 1.3712584
2007-02-28 0.25349372 0.37864530 0.50303270 0.62638638 0.7482553 0.8679294 0.9871761 1.1069419 1.2267681 1.3458137
2007-03-30 0.24966113 0.37021564 0.49296067 0.61443272 0.7331308 0.8521949 0.9721868 1.0911268 1.2080048 1.3247833
2007-04-30 0.24583515 0.36684006 0.48784801 0.60322387 0.7189733 0.8345250 0.9471446 1.0577826 1.1687897 1.2814723
2007-05-31 0.24003031 0.35749117 0.47331903 0.58940189 0.7000832 0.8090620 0.9182170 1.0276510 1.1363506 1.2427077
2007-06-29 0.23345994 0.34755066 0.46008104 0.57024617 0.6787048 0.7873540 0.8961399 1.0028481 1.1067683 1.2104995
2007-07-31 0.22724048 0.33889607 0.44902240 0.55859919 0.6676080 0.7762039 0.8847131 0.9932504 1.1017079 1.2099809
2007-08-31 0.22371233 0.33533831 0.44656603 0.55803447 0.6703171 0.7831360 0.8962509 1.0091721 1.1219307 1.2355116
2007-09-28 0.22146453 0.33169785 0.44155614 0.55163511 0.6620952 0.7727368 0.8833300 0.9945543 1.1067643 1.2191684
2007-10-31 0.22266776 0.33365485 0.44529337 0.55698734 0.6685724 0.7804594 0.8928786 1.0064387 1.1194790 1.2323372
2007-11-30 0.22284485 0.33480698 0.44669993 0.55993614 0.6748321 0.7899075 0.9050580 1.0204040 1.1359170 1.2530460
2007-12-28 0.22257999 0.33481385 0.44798386 0.56332477 0.6806736 0.7977426 0.9144111 1.0329071 1.1568579 1.2810330
2008-01-31 0.22283652 0.33522080 0.44850821 0.56437210 0.6814227 0.7978318 0.9191354 1.0426123 1.1653799 1.2876008
2008-02-29 0.22252882 0.33445303 0.44751665 0.56131623 0.6767301 0.7954115 0.9144173 1.0325706 1.1511278 1.2732495
2008-03-31 0.22601540 0.34087998 0.45917785 0.58193199 0.7071554 0.8317578 0.9559091 1.0818235 1.2141628 1.3453179
2008-04-30 0.23374371 0.35511232 0.47862873 0.60410790 0.7326300 0.8616778 0.9943649 1.1288402 1.2639127 1.3975957
2008-05-30 0.24176847 0.36478663 0.49227963 0.62169081 0.7544130 0.8923420 1.0298765 1.1672556 1.3049635 1.4476580
2008-06-30 0.24692320 0.37461015 0.50612211 0.64311194 0.7831695 0.9234679 1.0630457 1.2043461 1.3578642 1.5111825
2008-07-31 0.25906757 0.39277988 0.52986615 0.66917041 0.8133916 0.9569454 1.1055937 1.2585241 1.4102376 1.5625246
2008-08-29 0.26700477 0.40334311 0.54457562 0.68793268 0.8333676 0.9817364 1.1309318 1.2792980 1.4287314 1.5780473
2008-09-30 0.27438328 0.41629747 0.55902159 0.70387465 0.8497282 0.9955847 1.1418755 1.2879370 1.4330234 1.5789806
2008-10-31 0.27465210 0.41320925 0.55837308 0.70612586 0.8560364 1.0059724 1.1616589 1.3184881 1.4771064 1.6328460
2008-11-28 0.27179406 0.41034197 0.55117436 0.69221980 0.8347763 0.9804820 1.1254893 1.2714454 1.4171530 1.5636485
2008-12-30 0.26672662 0.39644324 0.52240452 0.64734219 0.7706429 0.8936474 1.0175981 1.1381803 1.2541640 1.3701768
2009-01-30 0.24979269 0.36936545 0.48795810 0.60012576 0.7095712 0.8197592 0.9269259 1.0339886 1.1403576 1.2484573
2009-02-27 0.23761082 0.35266473 0.46023496 0.56763534 0.6707045 0.7730021 0.8752566 0.9780830 1.0806003 1.1833378
2009-03-31 0.21656830 0.31523808 0.41195663 0.50658954 0.6003497 0.6944925 0.7888146 0.8827301 0.9769687 1.0720302
2009-04-30 0.20115590 0.29883321 0.39500077 0.49114598 0.5866374 0.6824806 0.7784787 0.8755088 0.9719483 1.0681245
2009-05-29 0.19230080 0.28525716 0.37621935 0.46668732 0.5566846 0.6476789 0.7384204 0.8295794 0.9201530 1.0129731
2009-06-30 0.17930898 0.26661527 0.35346976 0.44059195 0.5284527 0.6160696 0.7030567 0.7920725 0.8848866 0.9780050
2009-07-31 0.17255502 0.25916388 0.34496571 0.43126230 0.5179629 0.6046268 0.6933980 0.7847113 0.8753066 0.9661891
                 M12       M13       M14       M15       M16       M17       M18       M19       M20       M21       M22
2006-01-31 1.9237022 2.0783884 2.2330519 2.3877462 2.5425539 2.6935579 2.8440286 2.9961209 3.1479617 3.2979535 3.4480688
2006-02-24 1.8566949 2.0048743 2.1526979 2.2993687 2.4453747 2.5917219 2.7381646 2.8830927 3.0261757 3.1698244 3.3142982
2006-03-31 1.8017332 1.9456520 2.0899254 2.2352423 2.3798739 2.5236141 2.6672704 2.8126425 2.9582351 3.1031389 3.2468119
2006-04-28 1.7719989 1.9171095 2.0616393 2.2063257 2.3511602 2.4957232 2.6422327 2.7888646 2.9341986 3.0805523 3.2274968
2006-05-31 1.8297207 1.9840800 2.1384595 2.2963058 2.4646207 2.6297847 2.7938832 2.9619596 3.1341444 3.3058351 3.4765464
2006-06-30 1.7604057 1.9086644 2.0590582 2.2099818 2.3606483 2.5118032 2.6672113 2.8254385 2.9838628 3.1404814 3.2973637
2006-07-31 1.7298867 1.8761308 2.0225614 2.1681955 2.3138261 2.4606217 2.6082034 2.7560220 2.9036598 3.0516740 3.2006305
2006-08-31 1.6728933 1.8121253 1.9511585 2.0919280 2.2319535 2.3715325 2.5116440 2.6530139 2.7938485 2.9346889 3.0773888
2006-09-29 1.6233933 1.7576105 1.8948151 2.0325508 2.1699660 2.3066180 2.4434542 2.5808238 2.7180586 2.8548478 2.9929907
2006-10-31 1.5664040 1.6951248 1.8233235 1.9519974 2.0815600 2.2116776 2.3417421 2.4722010 2.6036404 2.7356463 2.8667623
2006-11-30 1.5370459 1.6624420 1.7883232 1.9148058 2.0413145 2.1674855 2.2937800 2.4208803 2.5495116 2.6789510 2.8088449
2006-12-28 1.4985606 1.6203352 1.7414260 1.8622818 1.9833014 2.1046393 2.2260353 2.3478276 2.4699518 2.5922040 2.7142494
2007-01-31 1.4943321 1.6156049 1.7367914 1.8576982 1.9789000 2.1014362 2.2240112 2.3453300 2.4661727 2.5892334 2.7120661
2007-02-28 1.4644101 1.5832007 1.7021316 1.8208062 1.9387354 2.0573766 2.1759708 2.2932899 2.4099537 2.5275266 2.6456995
2007-03-30 1.4420899 1.5588652 1.6736814 1.7874221 1.9011931 2.0153692 2.1286040 2.2418506 2.3560494 2.4712804 2.5843041
2007-04-30 1.3900172 1.4969589 1.6038366 1.7104736 1.8177647 1.9248808 2.0311406 2.1374690 2.2434821 2.3472084 2.4501033
2007-05-31 1.3479383 1.4535960 1.5590058 1.6629450 1.7657459 1.8696332 1.9734131 2.0751511 2.1745937 2.2737375 2.3748927
2007-06-29 1.3140521 1.4171796 1.5203679 1.6237107 1.7272940 1.8312035 1.9351783 2.0394057 2.1440433 2.2483606 2.3514686
2007-07-31 1.3180171 1.4262649 1.5343239 1.6423216 1.7506260 1.8592849 1.9681016 2.0769435 2.1859413 2.2952210 2.4044910
2007-08-31 1.3498656 1.4638469 1.5770790 1.6931025 1.8121137 1.9306069 2.0489884 2.1685692 2.2900796 2.4117284 2.5332410
2007-09-28 1.3316274 1.4443449 1.5575053 1.6708570 1.7839722 1.8968209 2.0105928 2.1258348 2.2415206 2.3564995 2.4716552
2007-10-31 1.3460435 1.4610659 1.5756689 1.6901468 1.8051968 1.9217629 2.0382021 2.1549158 2.2714035 2.3876715 2.5069763
2007-11-30 1.3707571 1.4885496 1.6061704 1.7259239 1.8478387 1.9697388 2.0908593 2.2120237 2.3353496 2.4586207 2.5818349
2007-12-28 1.4045217 1.5285565 1.6571668 1.7880872 1.9175592 2.0470086 2.1780703 2.3122993 2.4468173 2.5798131 2.7137325
2008-01-31 1.4117481 1.5397351 1.6669375 1.7939971 1.9207707 2.0518676 2.1827689 2.3122772 2.4444934 2.5768274 2.7086352
2008-02-29 1.3966403 1.5199058 1.6430695 1.7675187 1.8960063 2.0241782 2.1516292 2.2812385 2.4117027 2.5414209 2.6726236
2008-03-31 1.4764446 1.6082186 1.7442685 1.8818753 2.0182731 2.1558274 2.2951517 2.4343915 2.5751380 2.7155375 2.8562653
2008-04-30 1.5333356 1.6749625 1.8170337 1.9562783 2.0995387 2.2428600 2.3873173 2.5329188 2.6771108 2.8222358 2.9668191
2008-05-30 1.5949635 1.7405863 1.8874445 2.0353061 2.1853776 2.3358580 2.4862320 2.6365484 2.7875393 2.9370735 3.0874370
2008-06-30 1.6625922 1.8174677 1.9749705 2.1340789 2.2945066 2.4537429 2.6171406 2.7819218 2.9458704 3.1112446 3.2766189
2008-07-31 1.7164828 1.8701337 2.0246588 2.1784037 2.3336665 2.4897472 2.6465745 2.8024969 2.9599664 3.1124731 3.2640137
2008-08-29 1.7272520 1.8767676 2.0269159 2.1765007 2.3265545 2.4762477 2.6269234 2.7770866 2.9244241 3.0724244 3.2201267
2008-09-30 1.7239066 1.8694011 2.0153593 2.1617272 2.3073078 2.4532589 2.5986563 2.7460735 2.8924532 3.0396268 3.1851686
2008-10-31 1.7935890 1.9540010 2.1156482 2.2766575 2.4378094 2.6063777 2.7752836 2.9455783 3.1140760 3.2823151 3.4468631
2008-11-28 1.7112496 1.8583751 2.0051043 2.1533135 2.3026597 2.4522379 2.6020413 2.7506369 2.9024314 3.0540313 3.2069227
2008-12-30 1.4866003 1.6035755 1.7200741 1.8370121 1.9538991 2.0702528 2.1876831 2.3080872 2.4275238 2.5463540 2.6663446
2009-01-30 1.3544076 1.4634565 1.5709571 1.6778643 1.7863133 1.8973696 2.0106838 2.1223632 2.2338316 2.3481276 2.4641252
2009-02-27 1.2865130 1.3891159 1.4904608 1.5947232 1.6998691 1.8053590 1.9114653 2.0158484 2.1246647 2.2334695 2.3429465
2009-03-31 1.1655898 1.2606966 1.3594653 1.4612670 1.5621956 1.6639092 1.7681602 1.8755678 1.9835283 2.0916167 2.2003815
2009-04-30 1.1662159 1.2683972 1.3691439 1.4721510 1.5744578 1.6802442 1.7874146 1.8943509 2.0016393 2.1118521 2.2232051
2009-05-29 1.1079786 1.2023511 1.2968823 1.3921258 1.4890203 1.5870399 1.6844371 1.7827427 1.8857244 1.9894178 2.0924221
2009-06-30 1.0705268 1.1642795 1.2630702 1.3648258 1.4661709 1.5669062 1.6735922 1.7863702 1.8987628 2.0109472 2.1246493
2009-07-31 1.0592377 1.1571198 1.2559623 1.3537865 1.4544280 1.5631063 1.6720384 1.7815066 1.8914907 2.0031867 2.1169950
                 M23       M24
2006-01-31 3.5993147 3.7504023
2006-02-24 3.4582278 3.6001648
2006-03-31 3.3922993 3.5380278
2006-04-28 3.3740420 3.5210144
2006-05-31 3.6470721 3.8144164
2006-06-30 3.4557446 3.6144747
2006-07-31 3.3494171 3.4975602
2006-08-31 3.2199696 3.3630453
2006-09-29 3.1326945 3.2728061
2006-10-31 2.9970417 3.1284052
2006-11-30 2.9390478 3.0691635
2006-12-28 2.8358495 2.9572146
2007-01-31 2.8333737 2.9550988
2007-02-28 2.7635790 2.8808917
2007-03-30 2.6974181 2.8112895
2007-04-30 2.5545554 2.6610732
2007-05-31 2.4765407 2.5756202
2007-06-29 2.4534111 2.5549209
2007-07-31 2.5143047 2.6248808
2007-08-31 2.6549812 2.7768694
2007-09-28 2.5881742 2.7055408
2007-10-31 2.6247084 2.7427415
2007-11-30 2.7058725 2.8319941
2007-12-28 2.8483864 2.9831638
2008-01-31 2.8421414 2.9750913
2008-02-29 2.8037463 2.9364304
2008-03-31 2.9992901 3.1410882
2008-04-30 3.1125859 3.2573194
2008-05-30 3.2380858 3.3864811
2008-06-30 3.4396262 3.6033123
2008-07-31 3.4161600 3.5679129
2008-08-29 3.3675268 3.5116966
2008-09-30 3.3270089 3.4688205
2008-10-31 3.6123189 3.7784355
2008-11-28 3.3586588 3.5164238
2008-12-30 2.7875902 2.9087984
2009-01-30 2.5818163 2.6973537
2009-02-27 2.4512592 2.5655784
2009-03-31 2.3095222 2.4189381
2009-04-30 2.3340704 2.4449164
2009-05-29 2.1957115 2.3012296
2009-06-30 2.2412901 2.3606161
2009-07-31 2.2317782 2.3471238
 [ reached getOption("max.print") -- omitted 155 rows ]
> Ah<-t(t(A)*Maturities[2:24])
> Bh_mns1<t(t(B)*Maturities[1:23])
Error: object 'Bh_mns1' not found
> Bh_mns1<-t(t(B)*Maturities[1:23])
> Bh_mns1
                   M1         M2         M3         M4         M5        M6        M7        M8        M9       M10
2006-02-24 0.15968673 0.33228877 0.49497643 0.65318347 0.80737770 0.9603866 1.1102547 1.2592842 1.4091354 1.5594450
2006-03-31 0.16612144 0.32103785 0.47827734 0.62983355 0.78008016 0.9259594 1.0730544 1.2213872 1.3681988 1.5121660
2006-04-28 0.14426575 0.31114658 0.46213939 0.61205207 0.75930784 0.9050292 1.0513340 1.1960989 1.3396542 1.4839993
2006-05-31 0.15057014 0.30531288 0.45879302 0.61183707 0.76308038 0.9123243 1.0649195 1.2180636 1.3696078 1.5217539
2006-06-30 0.15068452 0.29913999 0.44598051 0.59156216 0.73681708 0.8822553 1.0277313 1.1732208 1.3195393 1.4668020
2006-07-31 0.13352443 0.29093624 0.43557749 0.57933427 0.72357161 0.8655227 1.0080261 1.1520618 1.2959759 1.4399995
2006-08-31 0.16375165 0.26989975 0.42258883 0.56157348 0.70072250 0.8398195 0.9788169 1.1175422 1.2557868 1.3940454
2006-09-29 0.14008902 0.27860001 0.41485870 0.55084881 0.68514363 0.8192725 0.9535816 1.0876637 1.2216738 1.3560656
2006-10-31 0.12773704 0.27072016 0.40320353 0.53469776 0.66502915 0.7939619 0.9231418 1.0522814 1.1808669 1.3089788
2006-11-30 0.13146137 0.26288750 0.39345586 0.52276960 0.65107830 0.7788015 0.9057292 1.0324942 1.1594056 1.2861103
2006-12-28 0.13118509 0.26090502 0.38877387 0.51475507 0.63913060 0.7627067 0.8860250 1.0094562 1.1323408 1.2545589
2007-01-31 0.13706763 0.25685252 0.38418144 0.51005893 0.63439264 0.7583125 0.8825408 1.0055648 1.1273440 1.2489835
2007-02-28 0.12766385 0.25349372 0.37864530 0.50303270 0.62638638 0.7482553 0.8679294 0.9871761 1.1069419 1.2267681
2007-03-30 0.12617550 0.24966113 0.37021564 0.49296067 0.61443272 0.7331308 0.8521949 0.9721868 1.0911268 1.2080048
2007-04-30 0.11624438 0.24583515 0.36684006 0.48784801 0.60322387 0.7189733 0.8345250 0.9471446 1.0577826 1.1687897
2007-05-31 0.12157198 0.24003031 0.35749117 0.47331903 0.58940189 0.7000832 0.8090620 0.9182170 1.0276510 1.1363506
2007-06-29 0.11781116 0.23345994 0.34755066 0.46008104 0.57024617 0.6787048 0.7873540 0.8961399 1.0028481 1.1067683
2007-07-31 0.11390543 0.22724048 0.33889607 0.44902240 0.55859919 0.6676080 0.7762039 0.8847131 0.9932504 1.1017079
2007-08-31 0.11270380 0.22371233 0.33533831 0.44656603 0.55803447 0.6703171 0.7831360 0.8962509 1.0091721 1.1219307
2007-09-28 0.11094723 0.22146453 0.33169785 0.44155614 0.55163511 0.6620952 0.7727368 0.8833300 0.9945543 1.1067643
2007-10-31 0.11140367 0.22266776 0.33365485 0.44529337 0.55698734 0.6685724 0.7804594 0.8928786 1.0064387 1.1194790
2007-11-30 0.11127983 0.22284485 0.33480698 0.44669993 0.55993614 0.6748321 0.7899075 0.9050580 1.0204040 1.1359170
2007-12-28 0.11118136 0.22257999 0.33481385 0.44798386 0.56332477 0.6806736 0.7977426 0.9144111 1.0329071 1.1568579
2008-01-31 0.11098798 0.22283652 0.33522080 0.44850821 0.56437210 0.6814227 0.7978318 0.9191354 1.0426123 1.1653799
2008-02-29 0.11110732 0.22252882 0.33445303 0.44751665 0.56131623 0.6767301 0.7954115 0.9144173 1.0325706 1.1511278
2008-03-31 0.11193992 0.22601540 0.34087998 0.45917785 0.58193199 0.7071554 0.8317578 0.9559091 1.0818235 1.2141628
2008-04-30 0.11584239 0.23374371 0.35511232 0.47862873 0.60410790 0.7326300 0.8616778 0.9943649 1.1288402 1.2639127
2008-05-30 0.12018287 0.24176847 0.36478663 0.49227963 0.62169081 0.7544130 0.8923420 1.0298765 1.1672556 1.3049635
2008-06-30 0.12233281 0.24692320 0.37461015 0.50612211 0.64311194 0.7831695 0.9234679 1.0630457 1.2043461 1.3578642
2008-07-31 0.12870938 0.25906757 0.39277988 0.52986615 0.66917041 0.8133916 0.9569454 1.1055937 1.2585241 1.4102376
2008-08-29 0.13269148 0.26700477 0.40334311 0.54457562 0.68793268 0.8333676 0.9817364 1.1309318 1.2792980 1.4287314
2008-09-30 0.13620000 0.27438328 0.41629747 0.55902159 0.70387465 0.8497282 0.9955847 1.1418755 1.2879370 1.4330234
2008-10-31 0.13688597 0.27465210 0.41320925 0.55837308 0.70612586 0.8560364 1.0059724 1.1616589 1.3184881 1.4771064
2008-11-28 0.13545859 0.27179406 0.41034197 0.55117436 0.69221980 0.8347763 0.9804820 1.1254893 1.2714454 1.4171530
2008-12-30 0.13403244 0.26672662 0.39644324 0.52240452 0.64734219 0.7706429 0.8936474 1.0175981 1.1381803 1.2541640
2009-01-30 0.12648289 0.24979269 0.36936545 0.48795810 0.60012576 0.7095712 0.8197592 0.9269259 1.0339886 1.1403576
2009-02-27 0.11998079 0.23761082 0.35266473 0.46023496 0.56763534 0.6707045 0.7730021 0.8752566 0.9780830 1.0806003
2009-03-31 0.11127021 0.21656830 0.31523808 0.41195663 0.50658954 0.6003497 0.6944925 0.7888146 0.8827301 0.9769687
2009-04-30 0.10140849 0.20115590 0.29883321 0.39500077 0.49114598 0.5866374 0.6824806 0.7784787 0.8755088 0.9719483
2009-05-29 0.09733923 0.19230080 0.28525716 0.37621935 0.46668732 0.5566846 0.6476789 0.7384204 0.8295794 0.9201530
2009-06-30 0.09018683 0.17930898 0.26661527 0.35346976 0.44059195 0.5284527 0.6160696 0.7030567 0.7920725 0.8848866
2009-07-31 0.08618943 0.17255502 0.25916388 0.34496571 0.43126230 0.5179629 0.6046268 0.6933980 0.7847113 0.8753066
2009-08-31 0.08588547 0.17194770 0.25801200 0.34395566 0.43040323 0.5175284 0.6066239 0.6959972 0.7851097 0.8749491
                 M11       M12       M13       M14       M15       M16       M17       M18       M19       M20       M21
2006-02-24 1.7084467 1.8566949 2.0048743 2.1526979 2.2993687 2.4453747 2.5917219 2.7381646 2.8830927 3.0261757 3.1698244
2006-03-31 1.6566744 1.8017332 1.9456520 2.0899254 2.2352423 2.3798739 2.5236141 2.6672704 2.8126425 2.9582351 3.1031389
2006-04-28 1.6278426 1.7719989 1.9171095 2.0616393 2.2063257 2.3511602 2.4957232 2.6422327 2.7888646 2.9341986 3.0805523
2006-05-31 1.6756558 1.8297207 1.9840800 2.1384595 2.2963058 2.4646207 2.6297847 2.7938832 2.9619596 3.1341444 3.3058351
2006-06-30 1.6136798 1.7604057 1.9086644 2.0590582 2.2099818 2.3606483 2.5118032 2.6672113 2.8254385 2.9838628 3.1404814
2006-07-31 1.5845667 1.7298867 1.8761308 2.0225614 2.1681955 2.3138261 2.4606217 2.6082034 2.7560220 2.9036598 3.0516740
2006-08-31 1.5333065 1.6728933 1.8121253 1.9511585 2.0919280 2.2319535 2.3715325 2.5116440 2.6530139 2.7938485 2.9346889
2006-09-29 1.4902850 1.6233933 1.7576105 1.8948151 2.0325508 2.1699660 2.3066180 2.4434542 2.5808238 2.7180586 2.8548478
2006-10-31 1.4375089 1.5664040 1.6951248 1.8233235 1.9519974 2.0815600 2.2116776 2.3417421 2.4722010 2.6036404 2.7356463
2006-11-30 1.4118897 1.5370459 1.6624420 1.7883232 1.9148058 2.0413145 2.1674855 2.2937800 2.4208803 2.5495116 2.6789510
2006-12-28 1.3765422 1.4985606 1.6203352 1.7414260 1.8622818 1.9833014 2.1046393 2.2260353 2.3478276 2.4699518 2.5922040
2007-01-31 1.3712584 1.4943321 1.6156049 1.7367914 1.8576982 1.9789000 2.1014362 2.2240112 2.3453300 2.4661727 2.5892334
2007-02-28 1.3458137 1.4644101 1.5832007 1.7021316 1.8208062 1.9387354 2.0573766 2.1759708 2.2932899 2.4099537 2.5275266
2007-03-30 1.3247833 1.4420899 1.5588652 1.6736814 1.7874221 1.9011931 2.0153692 2.1286040 2.2418506 2.3560494 2.4712804
2007-04-30 1.2814723 1.3900172 1.4969589 1.6038366 1.7104736 1.8177647 1.9248808 2.0311406 2.1374690 2.2434821 2.3472084
2007-05-31 1.2427077 1.3479383 1.4535960 1.5590058 1.6629450 1.7657459 1.8696332 1.9734131 2.0751511 2.1745937 2.2737375
2007-06-29 1.2104995 1.3140521 1.4171796 1.5203679 1.6237107 1.7272940 1.8312035 1.9351783 2.0394057 2.1440433 2.2483606
2007-07-31 1.2099809 1.3180171 1.4262649 1.5343239 1.6423216 1.7506260 1.8592849 1.9681016 2.0769435 2.1859413 2.2952210
2007-08-31 1.2355116 1.3498656 1.4638469 1.5770790 1.6931025 1.8121137 1.9306069 2.0489884 2.1685692 2.2900796 2.4117284
2007-09-28 1.2191684 1.3316274 1.4443449 1.5575053 1.6708570 1.7839722 1.8968209 2.0105928 2.1258348 2.2415206 2.3564995
2007-10-31 1.2323372 1.3460435 1.4610659 1.5756689 1.6901468 1.8051968 1.9217629 2.0382021 2.1549158 2.2714035 2.3876715
2007-11-30 1.2530460 1.3707571 1.4885496 1.6061704 1.7259239 1.8478387 1.9697388 2.0908593 2.2120237 2.3353496 2.4586207
2007-12-28 1.2810330 1.4045217 1.5285565 1.6571668 1.7880872 1.9175592 2.0470086 2.1780703 2.3122993 2.4468173 2.5798131
2008-01-31 1.2876008 1.4117481 1.5397351 1.6669375 1.7939971 1.9207707 2.0518676 2.1827689 2.3122772 2.4444934 2.5768274
2008-02-29 1.2732495 1.3966403 1.5199058 1.6430695 1.7675187 1.8960063 2.0241782 2.1516292 2.2812385 2.4117027 2.5414209
2008-03-31 1.3453179 1.4764446 1.6082186 1.7442685 1.8818753 2.0182731 2.1558274 2.2951517 2.4343915 2.5751380 2.7155375
2008-04-30 1.3975957 1.5333356 1.6749625 1.8170337 1.9562783 2.0995387 2.2428600 2.3873173 2.5329188 2.6771108 2.8222358
2008-05-30 1.4476580 1.5949635 1.7405863 1.8874445 2.0353061 2.1853776 2.3358580 2.4862320 2.6365484 2.7875393 2.9370735
2008-06-30 1.5111825 1.6625922 1.8174677 1.9749705 2.1340789 2.2945066 2.4537429 2.6171406 2.7819218 2.9458704 3.1112446
2008-07-31 1.5625246 1.7164828 1.8701337 2.0246588 2.1784037 2.3336665 2.4897472 2.6465745 2.8024969 2.9599664 3.1124731
2008-08-29 1.5780473 1.7272520 1.8767676 2.0269159 2.1765007 2.3265545 2.4762477 2.6269234 2.7770866 2.9244241 3.0724244
2008-09-30 1.5789806 1.7239066 1.8694011 2.0153593 2.1617272 2.3073078 2.4532589 2.5986563 2.7460735 2.8924532 3.0396268
2008-10-31 1.6328460 1.7935890 1.9540010 2.1156482 2.2766575 2.4378094 2.6063777 2.7752836 2.9455783 3.1140760 3.2823151
2008-11-28 1.5636485 1.7112496 1.8583751 2.0051043 2.1533135 2.3026597 2.4522379 2.6020413 2.7506369 2.9024314 3.0540313
2008-12-30 1.3701768 1.4866003 1.6035755 1.7200741 1.8370121 1.9538991 2.0702528 2.1876831 2.3080872 2.4275238 2.5463540
2009-01-30 1.2484573 1.3544076 1.4634565 1.5709571 1.6778643 1.7863133 1.8973696 2.0106838 2.1223632 2.2338316 2.3481276
2009-02-27 1.1833378 1.2865130 1.3891159 1.4904608 1.5947232 1.6998691 1.8053590 1.9114653 2.0158484 2.1246647 2.2334695
2009-03-31 1.0720302 1.1655898 1.2606966 1.3594653 1.4612670 1.5621956 1.6639092 1.7681602 1.8755678 1.9835283 2.0916167
2009-04-30 1.0681245 1.1662159 1.2683972 1.3691439 1.4721510 1.5744578 1.6802442 1.7874146 1.8943509 2.0016393 2.1118521
2009-05-29 1.0129731 1.1079786 1.2023511 1.2968823 1.3921258 1.4890203 1.5870399 1.6844371 1.7827427 1.8857244 1.9894178
2009-06-30 0.9780050 1.0705268 1.1642795 1.2630702 1.3648258 1.4661709 1.5669062 1.6735922 1.7863702 1.8987628 2.0109472
2009-07-31 0.9661891 1.0592377 1.1571198 1.2559623 1.3537865 1.4544280 1.5631063 1.6720384 1.7815066 1.8914907 2.0031867
2009-08-31 0.9685791 1.0631659 1.1594650 1.2537814 1.3540472 1.4575664 1.5623314 1.6637122 1.7695062 1.8839640 1.9995803
                 M22       M23
2006-02-24 3.3142982 3.4582278
2006-03-31 3.2468119 3.3922993
2006-04-28 3.2274968 3.3740420
2006-05-31 3.4765464 3.6470721
2006-06-30 3.2973637 3.4557446
2006-07-31 3.2006305 3.3494171
2006-08-31 3.0773888 3.2199696
2006-09-29 2.9929907 3.1326945
2006-10-31 2.8667623 2.9970417
2006-11-30 2.8088449 2.9390478
2006-12-28 2.7142494 2.8358495
2007-01-31 2.7120661 2.8333737
2007-02-28 2.6456995 2.7635790
2007-03-30 2.5843041 2.6974181
2007-04-30 2.4501033 2.5545554
2007-05-31 2.3748927 2.4765407
2007-06-29 2.3514686 2.4534111
2007-07-31 2.4044910 2.5143047
2007-08-31 2.5332410 2.6549812
2007-09-28 2.4716552 2.5881742
2007-10-31 2.5069763 2.6247084
2007-11-30 2.5818349 2.7058725
2007-12-28 2.7137325 2.8483864
2008-01-31 2.7086352 2.8421414
2008-02-29 2.6726236 2.8037463
2008-03-31 2.8562653 2.9992901
2008-04-30 2.9668191 3.1125859
2008-05-30 3.0874370 3.2380858
2008-06-30 3.2766189 3.4396262
2008-07-31 3.2640137 3.4161600
2008-08-29 3.2201267 3.3675268
2008-09-30 3.1851686 3.3270089
2008-10-31 3.4468631 3.6123189
2008-11-28 3.2069227 3.3586588
2008-12-30 2.6663446 2.7875902
2009-01-30 2.4641252 2.5818163
2009-02-27 2.3429465 2.4512592
2009-03-31 2.2003815 2.3095222
2009-04-30 2.2232051 2.3340704
2009-05-29 2.0924221 2.1957115
2009-06-30 2.1246493 2.2412901
2009-07-31 2.1169950 2.2317782
2009-08-31 2.1143256 2.2300247
 [ reached getOption("max.print") -- omitted 155 rows ]
> B
                   M1         M2         M3         M4         M5         M6         M7         M8         M9        M10
2006-02-24 0.15968673 0.16614439 0.16499214 0.16329587 0.16147554 0.16006444 0.15860782 0.15741053 0.15657060 0.15594450
2006-03-31 0.16612144 0.16051893 0.15942578 0.15745839 0.15601603 0.15432656 0.15329349 0.15267340 0.15202209 0.15121660
2006-04-28 0.14426575 0.15557329 0.15404646 0.15301302 0.15186157 0.15083820 0.15019057 0.14951237 0.14885047 0.14839993
2006-05-31 0.15057014 0.15265644 0.15293101 0.15295927 0.15261608 0.15205405 0.15213135 0.15225795 0.15217864 0.15217539
2006-06-30 0.15068452 0.14956999 0.14866017 0.14789054 0.14736342 0.14704255 0.14681875 0.14665260 0.14661548 0.14668020
2006-07-31 0.13352443 0.14546812 0.14519250 0.14483357 0.14471432 0.14425379 0.14400372 0.14400773 0.14399732 0.14399995
2006-08-31 0.16375165 0.13494988 0.14086294 0.14039337 0.14014450 0.13996991 0.13983099 0.13969277 0.13953187 0.13940454
2006-09-29 0.14008902 0.13930001 0.13828623 0.13771220 0.13702873 0.13654542 0.13622595 0.13595797 0.13574153 0.13560656
2006-10-31 0.12773704 0.13536008 0.13440118 0.13367444 0.13300583 0.13232698 0.13187741 0.13153517 0.13120744 0.13089788
2006-11-30 0.13146137 0.13144375 0.13115195 0.13069240 0.13021566 0.12980025 0.12938989 0.12906177 0.12882285 0.12861103
2006-12-28 0.13118509 0.13045251 0.12959129 0.12868877 0.12782612 0.12711779 0.12657500 0.12618202 0.12581565 0.12545589
2007-01-31 0.13706763 0.12842626 0.12806048 0.12751473 0.12687853 0.12638542 0.12607726 0.12569560 0.12526045 0.12489835
2007-02-28 0.12766385 0.12674686 0.12621510 0.12575817 0.12527728 0.12470922 0.12398991 0.12339701 0.12299355 0.12267681
2007-03-30 0.12617550 0.12483057 0.12340521 0.12324017 0.12288654 0.12218847 0.12174213 0.12152335 0.12123631 0.12080048
2007-04-30 0.11624438 0.12291758 0.12228002 0.12196200 0.12064477 0.11982888 0.11921786 0.11839307 0.11753140 0.11687897
2007-05-31 0.12157198 0.12001516 0.11916372 0.11832976 0.11788038 0.11668054 0.11558029 0.11477713 0.11418344 0.11363506
2007-06-29 0.11781116 0.11672997 0.11585022 0.11502026 0.11404923 0.11311746 0.11247914 0.11201749 0.11142757 0.11067683
2007-07-31 0.11390543 0.11362024 0.11296536 0.11225560 0.11171984 0.11126800 0.11088628 0.11058914 0.11036115 0.11017079
2007-08-31 0.11270380 0.11185616 0.11177944 0.11164151 0.11160689 0.11171951 0.11187657 0.11203136 0.11213023 0.11219307
2007-09-28 0.11094723 0.11073227 0.11056595 0.11038904 0.11032702 0.11034920 0.11039097 0.11041625 0.11050603 0.11067643
2007-10-31 0.11140367 0.11133388 0.11121828 0.11132334 0.11139747 0.11142873 0.11149421 0.11160983 0.11182652 0.11194790
2007-11-30 0.11127983 0.11142242 0.11160233 0.11167498 0.11198723 0.11247202 0.11284392 0.11313225 0.11337822 0.11359170
2007-12-28 0.11118136 0.11128999 0.11160462 0.11199596 0.11266495 0.11344560 0.11396323 0.11430138 0.11476745 0.11568579
2008-01-31 0.11098798 0.11141826 0.11174027 0.11212705 0.11287442 0.11357046 0.11397597 0.11489192 0.11584581 0.11653799
2008-02-29 0.11110732 0.11126441 0.11148434 0.11187916 0.11226325 0.11278835 0.11363021 0.11430216 0.11473007 0.11511278
2008-03-31 0.11193992 0.11300770 0.11362666 0.11479446 0.11638640 0.11785923 0.11882255 0.11948863 0.12020261 0.12141628
2008-04-30 0.11584239 0.11687186 0.11837077 0.11965718 0.12082158 0.12210500 0.12309684 0.12429561 0.12542669 0.12639127
2008-05-30 0.12018287 0.12088424 0.12159554 0.12306991 0.12433816 0.12573551 0.12747743 0.12873456 0.12969507 0.13049635
2008-06-30 0.12233281 0.12346160 0.12487005 0.12653053 0.12862239 0.13052826 0.13192399 0.13288071 0.13381623 0.13578642
2008-07-31 0.12870938 0.12953379 0.13092663 0.13246654 0.13383408 0.13556526 0.13670648 0.13819921 0.13983601 0.14102376
2008-08-29 0.13269148 0.13350238 0.13444770 0.13614390 0.13758654 0.13889460 0.14024806 0.14136647 0.14214423 0.14287314
2008-09-30 0.13620000 0.13719164 0.13876582 0.13975540 0.14077493 0.14162137 0.14222639 0.14273444 0.14310411 0.14330234
2008-10-31 0.13688597 0.13732605 0.13773642 0.13959327 0.14122517 0.14267273 0.14371035 0.14520736 0.14649867 0.14771064
2008-11-28 0.13545859 0.13589703 0.13678066 0.13779359 0.13844396 0.13912939 0.14006886 0.14068617 0.14127172 0.14171530
2008-12-30 0.13403244 0.13336331 0.13214775 0.13060113 0.12946844 0.12844049 0.12766391 0.12719976 0.12646448 0.12541640
2009-01-30 0.12648289 0.12489634 0.12312182 0.12198953 0.12002515 0.11826187 0.11710845 0.11586574 0.11488763 0.11403576
2009-02-27 0.11998079 0.11880541 0.11755491 0.11505874 0.11352707 0.11178408 0.11042887 0.10940708 0.10867589 0.10806003
2009-03-31 0.11127021 0.10828415 0.10507936 0.10298916 0.10131791 0.10005829 0.09921321 0.09860183 0.09808112 0.09769687
2009-04-30 0.10140849 0.10057795 0.09961107 0.09875019 0.09822920 0.09777290 0.09749724 0.09730984 0.09727876 0.09719483
2009-05-29 0.09733923 0.09615040 0.09508572 0.09405484 0.09333746 0.09278077 0.09252555 0.09230255 0.09217549 0.09201530
2009-06-30 0.09018683 0.08965449 0.08887176 0.08836744 0.08811839 0.08807545 0.08800994 0.08788209 0.08800805 0.08848866
2009-07-31 0.08618943 0.08627751 0.08638796 0.08624143 0.08625246 0.08632716 0.08637525 0.08667476 0.08719014 0.08753066
2009-08-31 0.08588547 0.08597385 0.08600400 0.08598891 0.08608065 0.08625474 0.08666055 0.08699965 0.08723441 0.08749491
                  M11        M12        M13        M14        M15        M16        M17        M18        M19        M20
2006-02-24 0.15531334 0.15472457 0.15422110 0.15376413 0.15329125 0.15283592 0.15245423 0.15212025 0.15174172 0.15130879
2006-03-31 0.15060677 0.15014443 0.14966554 0.14928039 0.14901616 0.14874212 0.14844789 0.14818169 0.14803382 0.14791176
2006-04-28 0.14798569 0.14766657 0.14746996 0.14725995 0.14708838 0.14694751 0.14680725 0.14679071 0.14678235 0.14670993
2006-05-31 0.15233235 0.15247673 0.15262154 0.15274711 0.15308705 0.15403879 0.15469322 0.15521573 0.15589261 0.15670722
2006-06-30 0.14669816 0.14670047 0.14682034 0.14707559 0.14733212 0.14754052 0.14775313 0.14817841 0.14870729 0.14919314
2006-07-31 0.14405152 0.14415723 0.14431776 0.14446867 0.14454636 0.14461413 0.14474246 0.14490019 0.14505379 0.14518299
2006-08-31 0.13939150 0.13940777 0.13939425 0.13936846 0.13946187 0.13949710 0.13950191 0.13953578 0.13963231 0.13969242
2006-09-29 0.13548046 0.13528277 0.13520081 0.13534394 0.13550339 0.13562287 0.13568341 0.13574745 0.13583283 0.13590293
2006-10-31 0.13068263 0.13053367 0.13039422 0.13023739 0.13013316 0.13009750 0.13009868 0.13009679 0.13011584 0.13018202
2006-11-30 0.12835361 0.12808716 0.12788015 0.12773737 0.12765372 0.12758216 0.12749914 0.12743222 0.12741475 0.12747558
2006-12-28 0.12514020 0.12488005 0.12464117 0.12438757 0.12415212 0.12395634 0.12380231 0.12366863 0.12356988 0.12349759
2007-01-31 0.12465985 0.12452768 0.12427730 0.12405653 0.12384654 0.12368125 0.12361389 0.12355618 0.12343842 0.12330863
2007-02-28 0.12234670 0.12203417 0.12178467 0.12158083 0.12138708 0.12117096 0.12102215 0.12088727 0.12069947 0.12049768
2007-03-30 0.12043484 0.12017416 0.11991271 0.11954867 0.11916147 0.11882457 0.11855113 0.11825578 0.11799213 0.11780247
2007-04-30 0.11649748 0.11583477 0.11515068 0.11455976 0.11403157 0.11361030 0.11322828 0.11284114 0.11249837 0.11217410
2007-05-31 0.11297343 0.11232819 0.11181508 0.11135756 0.11086300 0.11035912 0.10997843 0.10963406 0.10921848 0.10872968
2007-06-29 0.11004541 0.10950434 0.10901382 0.10859771 0.10824738 0.10795588 0.10771785 0.10750991 0.10733714 0.10720216
2007-07-31 0.10999826 0.10983476 0.10971268 0.10959457 0.10948810 0.10941412 0.10936970 0.10933898 0.10931282 0.10929706
2007-08-31 0.11231924 0.11248880 0.11260360 0.11264850 0.11287350 0.11325711 0.11356511 0.11383269 0.11413522 0.11450398
2007-09-28 0.11083349 0.11096895 0.11110345 0.11125038 0.11139047 0.11149826 0.11157770 0.11169960 0.11188604 0.11207603
2007-10-31 0.11203065 0.11217029 0.11238969 0.11254778 0.11267646 0.11282480 0.11304487 0.11323345 0.11341662 0.11357017
2007-11-30 0.11391327 0.11422976 0.11450382 0.11472646 0.11506160 0.11548992 0.11586699 0.11615885 0.11642230 0.11676748
2007-12-28 0.11645755 0.11704347 0.11758127 0.11836906 0.11920581 0.11984745 0.12041227 0.12100391 0.12169997 0.12234086
2008-01-31 0.11705462 0.11764568 0.11844116 0.11906696 0.11959981 0.12004817 0.12069809 0.12126494 0.12169880 0.12222467
2008-02-29 0.11574995 0.11638670 0.11691583 0.11736211 0.11783458 0.11850040 0.11906930 0.11953496 0.12006519 0.12058513
2008-03-31 0.12230163 0.12303705 0.12370912 0.12459061 0.12545835 0.12614207 0.12681338 0.12750843 0.12812587 0.12875690
2008-04-30 0.12705416 0.12777796 0.12884327 0.12978812 0.13041855 0.13122117 0.13193294 0.13262874 0.13331152 0.13385554
2008-05-30 0.13160527 0.13291363 0.13389125 0.13481746 0.13568707 0.13658610 0.13740341 0.13812400 0.13876570 0.13937696
2008-06-30 0.13738023 0.13854935 0.13980521 0.14106932 0.14227193 0.14340666 0.14433781 0.14539670 0.14641693 0.14729352
2008-07-31 0.14204769 0.14304023 0.14385644 0.14461848 0.14522691 0.14585416 0.14645572 0.14703192 0.14749984 0.14799832
2008-08-29 0.14345885 0.14393767 0.14436674 0.14477971 0.14510005 0.14540966 0.14566163 0.14594019 0.14616245 0.14622120
2008-09-30 0.14354369 0.14365889 0.14380009 0.14395423 0.14411515 0.14420674 0.14430935 0.14436979 0.14453018 0.14462266
2008-10-31 0.14844054 0.14946575 0.15030777 0.15111773 0.15177717 0.15236309 0.15331634 0.15418242 0.15503044 0.15570380
2008-11-28 0.14214986 0.14260414 0.14295193 0.14322174 0.14355423 0.14391623 0.14424929 0.14455785 0.14477036 0.14512157
2008-12-30 0.12456153 0.12388336 0.12335196 0.12286243 0.12246747 0.12211870 0.12177957 0.12153795 0.12147827 0.12137619
2009-01-30 0.11349612 0.11286730 0.11257358 0.11221122 0.11185762 0.11164458 0.11160998 0.11170465 0.11170333 0.11169158
2009-02-27 0.10757617 0.10720942 0.10685507 0.10646149 0.10631488 0.10624182 0.10619759 0.10619252 0.10609728 0.10623324
2009-03-31 0.09745729 0.09713249 0.09697666 0.09710466 0.09741780 0.09763722 0.09787701 0.09823112 0.09871409 0.09917641
2009-04-30 0.09710223 0.09718466 0.09756902 0.09779599 0.09814340 0.09840361 0.09883790 0.09930081 0.09970268 0.10008196
2009-05-29 0.09208847 0.09233155 0.09248854 0.09263445 0.09280839 0.09306377 0.09335529 0.09357984 0.09382856 0.09428622
2009-06-30 0.08890954 0.08921057 0.08955996 0.09021930 0.09098839 0.09163568 0.09217095 0.09297735 0.09401948 0.09493814
2009-07-31 0.08783537 0.08826981 0.08900921 0.08971159 0.09025243 0.09090175 0.09194743 0.09289102 0.09376350 0.09457454
2009-08-31 0.08805264 0.08859716 0.08918962 0.08955582 0.09026981 0.09109790 0.09190184 0.09242846 0.09313191 0.09419820
                  M21        M22        M23
2006-02-24 0.15094402 0.15064992 0.15035773
2006-03-31 0.14776852 0.14758236 0.14749127
2006-04-28 0.14669297 0.14670440 0.14669748
2006-05-31 0.15742072 0.15802484 0.15856835
2006-06-30 0.14954673 0.14988017 0.15024977
2006-07-31 0.14531781 0.14548320 0.14562683
2006-08-31 0.13974709 0.13988131 0.13999868
2006-09-29 0.13594513 0.13604503 0.13620411
2006-10-31 0.13026887 0.13030738 0.13030616
2006-11-30 0.12756910 0.12767477 0.12778469
2006-12-28 0.12343829 0.12337497 0.12329781
2007-01-31 0.12329683 0.12327573 0.12319016
2007-02-28 0.12035841 0.12025907 0.12015561
2007-03-30 0.11768002 0.11746837 0.11727905
2007-04-30 0.11177183 0.11136833 0.11106762
2007-05-31 0.10827321 0.10794967 0.10767568
2007-06-29 0.10706479 0.10688494 0.10667005
2007-07-31 0.10929624 0.10929505 0.10931760
2007-08-31 0.11484421 0.11514732 0.11543397
2007-09-28 0.11221426 0.11234796 0.11252931
2007-10-31 0.11369864 0.11395347 0.11411776
2007-11-30 0.11707718 0.11735613 0.11764663
2007-12-28 0.12284824 0.12335148 0.12384289
2008-01-31 0.12270607 0.12311978 0.12357137
2008-02-29 0.12102005 0.12148289 0.12190201
2008-03-31 0.12931131 0.12983024 0.13040392
2008-04-30 0.13439218 0.13485541 0.13532982
2008-05-30 0.13986064 0.14033805 0.14078634
2008-06-30 0.14815450 0.14893722 0.14954897
2008-07-31 0.14821300 0.14836426 0.14852870
2008-08-29 0.14630592 0.14636940 0.14641421
2008-09-30 0.14474413 0.14478039 0.14465256
2008-10-31 0.15630072 0.15667560 0.15705734
2008-11-28 0.14543006 0.14576921 0.14602864
2008-12-30 0.12125495 0.12119748 0.12119958
2009-01-30 0.11181560 0.11200569 0.11225288
2009-02-27 0.10635569 0.10649757 0.10657649
2009-03-31 0.09960080 0.10001734 0.10041401
2009-04-30 0.10056438 0.10105478 0.10148132
2009-05-29 0.09473418 0.09511009 0.09546572
2009-06-30 0.09575939 0.09657497 0.09744739
2009-07-31 0.09538984 0.09622705 0.09703383
2009-08-31 0.09521811 0.09610571 0.09695759
 [ reached 'max' / getOption("max.print") -- omitted 155 rows ]
> payoff<-Ah - Bh_mns1
> rf<-yields_lastday_clmn_to_rwnms[,1]
> rf<-yields_lastday_clmn_to_rwnms[1:198,1]
> ?transmute
No documentation for ‘transmute’ in specified packages and libraries:
you could try ‘??transmute’
> library(dplyr)

Attaching package: ‘dplyr’

The following objects are masked from ‘package:stats’:

    filter, lag

The following objects are masked from ‘package:base’:

    intersect, setdiff, setequal, union

Warning message:
package ‘dplyr’ was built under R version 4.2.2 
> ?transmute
> payoff+rf
                   M2         M3         M4         M5          M6           M7           M8           M9          M10
2006-01-31 0.33463765 0.33108511 0.33376291 0.33386721 0.335796622 0.3406920481  0.346746248  0.353299954  0.359270462
2006-02-24 0.32585406 0.33362531 0.33459287 0.33723088 0.339993217 0.3439821145  0.345916539  0.347434874  0.350932996
2006-03-31 0.34289355 0.33325220 0.33381561 0.33414953 0.332772973 0.3341467028  0.336174659  0.338221270  0.338633244
2006-04-28 0.30484219 0.30109226 0.29752480 0.29173651 0.286214542 0.2832754543  0.275445219  0.265856348  0.258657302
2006-05-31 0.30519849 0.31022317 0.31642670 0.32208835 0.326077356 0.3332343420  0.340902497  0.346957160  0.352784712
2006-06-30 0.31630008 0.30572880 0.30666920 0.30816734 0.309368185 0.3128930663  0.315879234  0.318161997  0.321510597
2006-07-31 0.26070901 0.29920217 0.29026987 0.29552256 0.298324646 0.3017310306  0.306769312  0.311958144  0.317737151
2006-08-31 0.29356238 0.30774047 0.31046644 0.31362535 0.318427478 0.3232960437  0.327712221  0.331874714  0.336123231
2006-09-29 0.29095200 0.28422756 0.28773430 0.29053489 0.294332412 0.2997087955  0.304610916  0.309481449  0.315287667
2006-10-31 0.26699582 0.26805307 0.26897895 0.26999658 0.270620598 0.2720774023  0.274289211  0.276109769  0.277310229
2006-11-30 0.26316378 0.26401221 0.26545711 0.26778459 0.271132256 0.2744838418  0.277930595  0.281410805  0.285230777
2006-12-28 0.25502248 0.26310643 0.26175873 0.26025676 0.259499181 0.2588975270  0.258100482  0.257961141  0.258399926
2007-01-31 0.26625631 0.26775535 0.26848126 0.26842757 0.268993783 0.2713530862  0.274703032  0.277235606  0.279109168
2007-02-28 0.25498206 0.25664802 0.26048091 0.26108956 0.261486480 0.2624624383  0.262645017  0.262418957  0.263305193
2007-03-30 0.25959225 0.25055599 0.25229611 0.25276021 0.256082437 0.2593971438  0.263837322  0.270157720  0.276397747
2007-04-30 0.24050755 0.24305412 0.24660122 0.24614922 0.245815753 0.2506861297  0.254326923  0.255809944  0.257383165
2007-05-31 0.24379114 0.24560321 0.24734036 0.25089283 0.251409047 0.2519292522  0.252435002  0.253083041  0.255074451
2007-06-29 0.23736567 0.23812135 0.23899614 0.23903494 0.237916733 0.2375571700  0.237747120  0.235946135  0.231329082
2007-07-31 0.22844210 0.22908917 0.22758951 0.22593859 0.223478946 0.2197923073  0.215482540  0.210904933  0.206441205
2007-08-31 0.22546890 0.22657758 0.22757198 0.22918213 0.231385758 0.2337446315  0.236217868  0.238545923  0.240080209
2007-09-28 0.22100809 0.21997732 0.21884852 0.21728897 0.216055077 0.2151116241  0.213817770  0.212622845  0.211272848
2007-10-31 0.22279160 0.22221368 0.22189006 0.22169109 0.220039944 0.2170309660  0.214374858  0.212784375  0.210478670
2007-11-30 0.22294332 0.22350683 0.22316591 0.22323211 0.222787199 0.2205136744  0.218595252  0.217272732  0.214289818
2007-12-28 0.22277337 0.22315869 0.22394442 0.22599793 0.227482871 0.2275012131  0.227760637  0.224953054  0.225427017
2008-01-31 0.22271718 0.22367997 0.22504316 0.22784343 0.231094491 0.2320896595  0.234711893  0.239183017  0.243797227
2008-02-29 0.22169622 0.21954495 0.21774399 0.21324570 0.205905437 0.1993633784  0.193766758  0.187768881  0.180411591
2008-03-31 0.22211293 0.21907619 0.21600545 0.21524318 0.214987415 0.2110677643  0.206171147  0.199398514  0.197262553
2008-04-30 0.22940323 0.22918623 0.22968449 0.22767066 0.226781552 0.2231072011  0.217865277  0.214806113  0.212499526
2008-05-30 0.23961853 0.23804630 0.23785234 0.23575157 0.231483964 0.2293553366  0.226591401  0.224392822  0.220800298
2008-06-30 0.24054664 0.23787540 0.23567505 0.23557860 0.236331947 0.2324092051  0.228433102  0.221085232  0.221672942
2008-07-31 0.25508546 0.25448449 0.25523241 0.25330417 0.254168245 0.2522871606  0.252566625  0.256301689  0.259648960
2008-08-29 0.26349625 0.26165132 0.26096963 0.26160257 0.262184418 0.2646997228  0.268038540  0.270113986  0.273485885
2008-09-30 0.27369731 0.27784537 0.28201234 0.28170158 0.279802337 0.2757483879  0.272103113  0.262478129  0.250735337
2008-10-31 0.27607948 0.27830116 0.28491708 0.29183747 0.300702523 0.3080820461  0.318062834  0.329884699  0.342546873
2008-11-28 0.27322020 0.27907393 0.29018971 0.30527386 0.322892744 0.3452976860  0.367300520  0.389305948  0.414431283
2008-12-30 0.27427618 0.28068299 0.28707151 0.29341653 0.304549614 0.3181085970  0.331871361  0.345286873  0.354207759
2009-01-30 0.25629478 0.25823751 0.26177626 0.26637368 0.268418799 0.2755375598  0.280406673  0.285214889  0.288757525
2009-02-27 0.24632141 0.25607722 0.26497767 0.27565949 0.284095737 0.2926331469  0.300744933  0.309249138  0.317851012
2009-03-31 0.22643002 0.22535239 0.22439362 0.22285898 0.220473971 0.2191253063  0.217604185  0.215521637  0.212730109
2009-04-30 0.20522516 0.20794090 0.21115209 0.21633512 0.221358551 0.2272045094  0.232208307  0.238496934  0.243777377
2009-05-29 0.19945319 0.20328741 0.20694330 0.21055678 0.213431901 0.2165653603  0.219690024  0.223861946  0.225419728
2009-06-30 0.18330637 0.18424708 0.18449271 0.18581307 0.187377259 0.1882934521  0.188616768  0.188861253  0.190362183
2009-07-31 0.17285899 0.17340562 0.17314315 0.17349607 0.173749148 0.1732877857  0.172963627  0.174903523  0.176386407
                    M11           M12          M13          M14         M15          M16           M17          M18
2006-01-31  0.365000498  0.3707221975  0.377160289  0.383644355  0.39051503  0.398651964  0.4036498448  0.407773380
2006-02-24  0.355967411  0.3597071565  0.362827827  0.366732625  0.36912999  0.369819133  0.3715347653  0.374237220
2006-03-31  0.338796545  0.3400119796  0.339774522  0.338937415  0.33972444  0.339669619  0.3385752785  0.337668684
2006-04-28  0.250354524  0.2406088145  0.231654483  0.221825042  0.21213197  0.199120202  0.1753682259  0.156713760
2006-05-31  0.359423969  0.3666110436  0.374244487  0.380365212  0.38781772  0.405209091  0.4197064727  0.432650078
2006-06-30  0.324364818  0.3265235128  0.329462199  0.333611902  0.33810484  0.343137404  0.3486616853  0.357274118
2006-07-31  0.324045758  0.3301046390  0.336761983  0.343960589  0.35056139  0.355422491  0.3621926461  0.370195344
2006-08-31  0.340992620  0.3463599019  0.352483636  0.357299637  0.36086455  0.363154388  0.3653181874  0.368777637
2006-09-29  0.321395219  0.3259734213  0.331295540  0.339779317  0.34931632  0.358057614  0.3651470021  0.371865580
2006-10-31  0.279135684  0.2822513144  0.285815895  0.288618552  0.29141125  0.294491243  0.2981001356  0.301993719
2006-11-30  0.288792216  0.2919651144  0.295342736  0.299449314  0.30484113  0.310494123  0.3156453770  0.320602040
2006-12-28  0.258743840  0.2584873535  0.257188185  0.257006244  0.25667551  0.256788369  0.2569243425  0.255784200
2007-01-31  0.281557857  0.2855860572  0.288262449  0.290658296  0.29263419  0.295161514  0.2997684717  0.303702278
2007-02-28  0.265472749  0.2672906281  0.268774612  0.270930220  0.27478864  0.278977144  0.2838473291  0.288265488
2007-03-30  0.282169047  0.2867931030  0.295023537  0.302898004  0.30976093  0.316895009  0.3237799225  0.329898715
2007-04-30  0.261366140  0.2635538508  0.265264919  0.266485042  0.26771214  0.271064086  0.2753792839  0.277751711
2007-05-31  0.257511432  0.2590107666  0.261115853  0.263398223  0.26414908  0.263607117  0.2639111665  0.263781591
2007-06-29  0.226602841  0.2218824078  0.216973674  0.211914202  0.20719797  0.202783652  0.1983886478  0.193704628
2007-07-31  0.201955631  0.1964109227  0.190304774  0.184382489  0.17914797  0.171428975  0.1610765783  0.151400140
2007-08-31  0.241451075  0.2434009573  0.244923235  0.245437937  0.24830092  0.253960482  0.2593384588  0.264871272
2007-09-28  0.210636678  0.2102374586  0.209248593  0.207386634  0.20613539  0.204772625  0.2025714234  0.199777165
2007-10-31  0.207823824  0.2044011791  0.201712454  0.198522915  0.19538014  0.190676495  0.1853278273  0.179866986
2007-11-30  0.207467904  0.2010039286  0.195307783  0.188893660  0.18003696  0.171031379  0.1634593988  0.155130481
2007-12-28  0.226834534  0.2281022090  0.227989760  0.228613066  0.23233107  0.234743482  0.2374192841  0.237384101
2008-01-31  0.247461047  0.2494866477  0.254082735  0.258019621  0.26191559  0.264239982  0.2668492021  0.269578682
2008-02-29  0.170193975  0.1624297465  0.154568544  0.145958198  0.13435754  0.125238405  0.1170124304  0.106909156
2008-03-31  0.193345089  0.1907887957  0.186822971  0.181245951  0.17678147  0.173934721  0.1682286214  0.164231614
2008-04-30  0.208474573  0.2015199950  0.195841351  0.192289802  0.18467614  0.180074978  0.1733247399  0.167301646
2008-05-30  0.209976587  0.2039638522  0.198177010  0.190159670  0.18051847  0.171481576  0.1615343021  0.152671998
2008-06-30  0.223277715  0.2224003463  0.223317710  0.227169603  0.23175294  0.238435711  0.2424091809  0.249726205
2008-07-31  0.262502574  0.2671448717  0.271591102  0.276600536  0.28019718  0.285875142  0.2919020371  0.299036219
2008-08-29  0.277715397  0.2809629245  0.285552473  0.290206242  0.29383292  0.297518802  0.3016314102  0.306355987
2008-09-30  0.238074217  0.2272606362  0.212012116  0.197558299  0.18227898  0.166850249  0.1516495107  0.128478544
2008-10-31  0.352578944  0.3668264924  0.379637328  0.394159107  0.40843918  0.421381875  0.4406039514  0.459931663
2008-11-28  0.444943108  0.4765313690  0.507233350  0.536987369  0.56869801  0.601106205  0.6337974019  0.667247089
2008-12-30  0.363851672  0.3721754365  0.383200360  0.390649977  0.40008750  0.410067233  0.4179718798  0.424345937
2009-01-30  0.294339857  0.2975526622  0.303426402  0.308323997  0.31388637  0.318072988  0.3239834082  0.331807665
2009-02-27  0.326349918  0.3344636022  0.343506896  0.349745018  0.35523875  0.358582906  0.3631442084  0.367536833
2009-03-31  0.211352094  0.2087355369  0.205750921  0.202338269  0.20339327  0.201314810  0.2007216735  0.199186226
2009-04-30  0.249380030  0.2546512387  0.261827074  0.268201294  0.27667719  0.283740432  0.2926324126  0.301783248
2009-05-29  0.225425769  0.2273128716  0.229163496  0.229942017  0.22639486  0.221533698  0.2182082009  0.214870155
2009-06-30  0.192885174  0.1945245525  0.195228587  0.196137244  0.19905037  0.202571238  0.2026650105  0.200672796
2009-07-31  0.177429378  0.1768481111  0.180143323  0.182686706  0.18619446  0.186570281  0.1917292933  0.195896471
                    M19           M20           M21          M22           M23          M24
2006-01-31  0.413423078  0.4203356761  0.4272444869  0.433711165  0.4404831688  0.447641210
2006-02-24  0.375509027  0.3732199721  0.3712759814  0.370846024  0.3711026147  0.367552209
2006-03-31  0.336531253  0.3354919727  0.3350617690  0.332381043  0.3309240066  0.330107263
2006-04-28  0.139247181  0.1165047321  0.0906737164  0.065927453  0.0417613169  0.018208096
2006-05-31  0.445318424  0.4592759723  0.4725423735  0.486635155  0.5002785218  0.509241849
2006-06-30  0.367919641  0.3785253520  0.3875061688  0.396374269  0.4057987048  0.415742144
2006-07-31  0.377902453  0.3841702984  0.3913499196  0.399466037  0.4055527919  0.411115060
2006-08-31  0.373311385  0.3767763015  0.3803819135  0.386292579  0.3907304871  0.394102403
2006-09-29  0.379170720  0.3859466478  0.3912964711  0.397433467  0.4060212436  0.415853506
2006-10-31  0.306158046  0.3104971419  0.3138717197  0.315548302  0.3159338065  0.317094415
2006-11-30  0.326306343  0.3331453458  0.3404606354  0.348102230  0.3562597634  0.364775328
2006-12-28  0.255001499  0.2558068568  0.2572164396  0.256201067  0.2549685498  0.255025975
2007-01-31  0.306426827  0.3099504715  0.3163473657  0.321607142  0.3247417699  0.328587460
2007-02-28  0.292349726  0.2957669860  0.2991410293  0.302082997  0.3069387874  0.311137509
2007-03-30  0.336885493  0.3447559054  0.3539738278  0.363271158  0.3734902301  0.382909666
2007-04-30  0.280300260  0.2845753221  0.2888591055  0.292610246  0.2959070904  0.300776911
2007-05-31  0.261544772  0.2567599638  0.2512661984  0.248104069  0.2466440912  0.243781074
2007-06-29  0.189115256  0.1849109127  0.1802304659  0.174058786  0.1667312054  0.158427383
2007-07-31  0.141860519  0.1312775030  0.1190468453  0.106668110  0.0949691395  0.083805037
2007-08-31  0.270680211  0.2769485629  0.2829115191  0.289445344  0.2960297833  0.301398994
2007-09-28  0.198579948  0.1975520627  0.1960432294  0.194930998  0.1921451600  0.191779666
2007-10-31  0.175460196  0.1707834660  0.1637255079  0.159759284  0.1542771997  0.148272690
2007-11-30  0.145233189  0.1343301139  0.1230832742  0.113301631  0.1034198107  0.094887562
2007-12-28  0.240711827  0.2457213926  0.2465010721  0.248086453  0.2509325257  0.252203747
2008-01-31  0.271635959  0.2742428205  0.2761126864  0.278202241  0.2805057753  0.282332998
2008-02-29  0.097194199  0.0884185185  0.0773902422  0.068193478  0.0585883316  0.048247576
2008-03-31  0.159014147  0.1541591426  0.1503665934  0.145969477  0.1444109769  0.140442164
2008-04-30  0.162529210  0.1564048140  0.1505388649  0.145587918  0.1409913031  0.135075939
2008-05-30  0.139590686  0.1258003891  0.1113859681  0.096375293  0.0816498021  0.067037769
2008-06-30  0.257680035  0.2657063016  0.2736109745  0.286478624  0.2979453503  0.309485126
2008-07-31  0.304282910  0.3115891939  0.3167583645  0.320298680  0.3247426688  0.329095466
2008-08-29  0.311121840  0.3110420739  0.3126626953  0.313191396  0.3150496682  0.317379138
2008-09-30  0.106989868  0.0830748297  0.0617507929  0.039053463  0.0163458140 -0.007298398
2008-10-31  0.480423052  0.5003250540  0.5167696514  0.529717826  0.5422821827  0.556662657
2008-11-28  0.698412410  0.7298028792  0.7619660419  0.796027219  0.8277728457  0.864292099
2008-12-30  0.431435813  0.4391930540  0.4465548825  0.452249456  0.4574974940  0.461014539
2009-01-30  0.337380807  0.3444660618  0.3499457258  0.357138532  0.3653527073  0.372577468
2009-02-27  0.367668946  0.3690777287  0.3699220603  0.371310523  0.3708584136  0.376037017
2009-03-31  0.199423369  0.2004475931  0.2012476469  0.199799667  0.1975873324  0.196137946
2009-04-30  0.311322244  0.3203051097  0.3275361989  0.335195781  0.3430567640  0.350613376
2009-05-29  0.206489645  0.1966933807  0.1879941540  0.178814085  0.1684014558  0.157278761
2009-06-30  0.204518647  0.2074431101  0.2096433160  0.211649451  0.2144818758  0.219024793
2009-07-31  0.203983788  0.2081739179  0.2054121372  0.203604142  0.2036419975  0.203288558
 [ reached getOption("max.print") -- omitted 155 rows ]
> View(payoff)
> r_xs<-payoff+rf




###########=====OLD=====########



#https://jules32.github.io/r-for-excel-users/vlookup.html

library(tidyverse)
library(readxl)



returns_xs<-returns + yields_lastday_h[1:198,1]





#=========== páginas de ajuda que ficaram abertas. vou conseguir criar esse returns_xs de novo
# https://jules32.github.io/r-for-excel-users/vlookup.html
# https://stackoverflow.com/questions/16557028/date-conversion-from-posixct-to-date-in-r
# https://stackoverflow.com/questions/38594177/changing-date-time-format-in-r
# https://www.neonscience.org/resources/learning-hub/tutorials/dc-convert-date-time-posix-r
# https://epirhandbook.com/en/working-with-dates.html
# https://stackoverflow.com/questions/18503177/r-apply-function-on-specific-dataframe-columns
# https://stackoverflow.com/questions/40536953/error-with-r-dplyr-left-join






#===========================   processo até compatibilizar datas ==================



#explore the data using View(), names(), summary(), head() and tail()


yields_rowcolumn_asdate<-yields_rowcolumn[as.Date(yields_rowcolumn$date),]

library(lubridate) #para manipular datas


last_days_list_asdate<-as.Date(last_days_list$date)


inner_join(yields_rowcolumn,)


> 
> last_days_list_asdate<-modify(last_days_list,as.character(last_days_list$date))
> 
> View(last_days_list_asdate)
> class(last_days_list)
[1] "data.frame"
> View(last_days_list)
> class(last_days_list[1,1])
[1] "POSIXct" "POSIXt" 
> last_days_list[1,1]
[1] "2006-01-31 UTC"
> class(yields_rowcolumn)
[1] "data.frame"
> yields_rowcolumn[1,1]
[1] "02-01-2006"
> last_days_list_asdate<-0
> last_days_list_asdate<-as.date(last_days_list$date)
Error in as.date(last_days_list$date) : could not find function "as.date"
> last_days_list_asdate<-as.Date(last_days_list$date)
> last_days_list_ascharacter<-as.character(last_days_list_asdate$date)
Error in last_days_list_asdate$date : 
  $ operator is invalid for atomic vectors
> last_days_list_ascharacter<-as.character(last_days_list_asdate)
> VIew(last_days_list_ascharacter)
Error in VIew(last_days_list_ascharacter) : 
  could not find function "VIew"
> View(last_days_list_ascharacter)
> last_days_list_asdf<-as.data.frame(last_days_list_asdate)
> View(last_days_list_asdf)
> class(last_days_list_asdf[1,1])
[1] "Date"
> last_days_list_asdate<-last_days_list_asdf
> class(yields_rowcolumn[1,1])
[1] "character"
> yields_lastday<-inner_join(last_days_list_ascharacter,yields_rowcolumn)
Error in UseMethod("inner_join") : 
  no applicable method for 'inner_join' applied to an object of class "character"
> yields_lastday<-inner_join(last_days_list_ascharacter,yields_rowcolumn_ascharact)
Error in UseMethod("inner_join") : 
  no applicable method for 'inner_join' applied to an object of class "character"
> class(last_days_list_ascharacter)
[1] "character"
> last_days_list_ascharacter<-as.data.frame(last_days_list_ascharacter)
> yields_lastday<-inner_join(last_days_list_ascharacter,yields_rowcolumn)
Error in `inner_join()`:
! `by` must be supplied when `x` and `y` have no common variables.
ℹ use by = character()` to perform a cross-join.
Run `rlang::last_error()` to see where the error occurred.
> library(lubridate)

Attaching package: ‘lubridate’

The following objects are masked from ‘package:base’:

    date, intersect, setdiff, union

Warning message:
package ‘lubridate’ was built under R version 4.2.1 
> View(last_days_list_asdate)
> class(last_days_list_asdate[1,1])
[1] "Date"
> last_days_list_DFasdate<-last_days_list_asdate
> last_days_list_asdate<-as.Date(last_days_list$date)
> last_days_list_asdate<-dmy(last_days_list$date)
Warning message:
All formats failed to parse. No formats found. 
> 
> last_days_list_asdate<-dmy(last_days_list$date)
Warning message:
All formats failed to parse. No formats found. 
> last_days_list_asdate<-dmy(last_days_list_asdate)
> last_days_list_asdate<-dmy(last_days_list_DFasdate)
Warning message:
All formats failed to parse. No formats found. 
> View(last_days_list_DFasdate)
> dmy(last_days_list_DFasdate)
[1] NA
Warning message:
All formats failed to parse. No formats found. 
> dmy(last_days_list_DFasdate[,])
  [1] NA NA NA NA NA NA NA NA NA NA NA NA NA NA NA NA NA NA NA NA NA NA NA NA NA NA NA NA NA NA NA NA NA NA NA NA NA NA NA
 [40] NA NA NA NA NA NA NA NA NA NA NA NA NA NA NA NA NA NA NA NA NA NA NA NA NA NA NA NA NA NA NA NA NA NA NA NA NA NA NA
 [79] NA NA NA NA NA NA NA NA NA NA NA NA NA NA NA NA NA NA NA NA NA NA NA NA NA NA NA NA NA NA NA NA NA NA NA NA NA NA NA
[118] NA NA NA NA NA NA NA NA NA NA NA NA NA NA NA NA NA NA NA NA NA NA NA NA NA NA NA NA NA NA NA NA NA NA NA NA NA NA NA
[157] NA NA NA NA NA NA NA NA NA NA NA NA NA NA NA NA NA NA NA NA NA NA NA NA NA NA NA NA NA NA NA NA NA NA NA NA NA NA NA
[196] NA NA NA NA
Warning message:
All formats failed to parse. No formats found. 
> dmy(parse_date(last_days_list_DFasdate))
Error in parse_vector(x, col_date(format), na = na, locale = locale, trim_ws = trim_ws) : 
  is.character(x) is not TRUE
> dmy(last_days_list_ascharacter)
[1] NA
Warning message:
All formats failed to parse. No formats found. 
> dmy(last_days_list_ascharacter)
[1] NA
Warning message:
All formats failed to parse. No formats found. 
> dmy(parse_date(last_days_list_ascharacter))
Error in parse_vector(x, col_date(format), na = na, locale = locale, trim_ws = trim_ws) : 
  is.character(x) is not TRUE
> dmy(parse_date(last_days_list_DFasdate$last_days_list_asdate))
Error in parse_vector(x, col_date(format), na = na, locale = locale, trim_ws = trim_ws) : 
  is.character(x) is not TRUE
> dmy(parse_date(last_days_list_ascharacter$last_days_list_ascharacter))
  [1] NA NA NA NA NA NA NA NA NA NA NA NA NA NA NA NA NA NA NA NA NA NA NA NA NA NA NA NA NA NA NA NA NA NA NA NA NA NA NA
 [40] NA NA NA NA NA NA NA NA NA NA NA NA NA NA NA NA NA NA NA NA NA NA NA NA NA NA NA NA NA NA NA NA NA NA NA NA NA NA NA
 [79] NA NA NA NA NA NA NA NA NA NA NA NA NA NA NA NA NA NA NA NA NA NA NA NA NA NA NA NA NA NA NA NA NA NA NA NA NA NA NA
[118] NA NA NA NA NA NA NA NA NA NA NA NA NA NA NA NA NA NA NA NA NA NA NA NA NA NA NA NA NA NA NA NA NA NA NA NA NA NA NA
[157] NA NA NA NA NA NA NA NA NA NA NA NA NA NA NA NA NA NA NA NA NA NA NA NA NA NA NA NA NA NA NA NA NA NA NA NA NA NA NA
[196] NA NA NA NA
Warning message:
All formats failed to parse. No formats found. 
> ?dmy
> class(last_days_list)
[1] "data.frame"
> class(last_days_list$date)
[1] "POSIXct" "POSIXt" 
> unclass(last_days_list])
Error: unexpected ']' in "unclass(last_days_list]"
> unclass(last_days_list)
$date
  [1] "2006-01-31 UTC" "2006-02-24 UTC" "2006-03-31 UTC" "2006-04-28 UTC" "2006-05-31 UTC" "2006-06-30 UTC" "2006-07-31 UTC"
  [8] "2006-08-31 UTC" "2006-09-29 UTC" "2006-10-31 UTC" "2006-11-30 UTC" "2006-12-28 UTC" "2007-01-31 UTC" "2007-02-28 UTC"
 [15] "2007-03-30 UTC" "2007-04-30 UTC" "2007-05-31 UTC" "2007-06-29 UTC" "2007-07-31 UTC" "2007-08-31 UTC" "2007-09-28 UTC"
 [22] "2007-10-31 UTC" "2007-11-30 UTC" "2007-12-28 UTC" "2008-01-31 UTC" "2008-02-29 UTC" "2008-03-31 UTC" "2008-04-30 UTC"


attr(,"row.names")
  [1]   1   2   3   4   5   6   7   8   9  10  11  12  13  14  15  16  17  18  19  20  21  22  23  24  25  26  27  28  29
 [30]  30  31  32  33  34  35  36  37  38  39  40  41  42  43  44  45  46  47  48  49  50  51  52  53  54  55  56  57  58
 [59]  59  60  61  62  63  64  65  66  67  68  69  70  71  72  73  74  75  76  77  78  79  80  81  82  83  84  85  86  87
 [88]  88  89  90  91  92  93  94  95  96  97  98  99 100 101 102 103 104 105 106 107 108 109 110 111 112 113 114 115 116
[117] 117 118 119 120 121 122 123 124 125 126 127 128 129 130 131 132 133 134 135 136 137 138 139 140 141 142 143 144 145
[146] 146 147 148 149 150 151 152 153 154 155 156 157 158 159 160 161 162 163 164 165 166 167 168 169 170 171 172 173 174
[175] 175 176 177 178 179 180 181 182 183 184 185 186 187 188 189 190 191 192 193 194 195 196 197 198 199
> class(last_days_list$date[1,1])
Error in `[.default`(last_days_list$date, 1, 1) : 
  incorrect number of dimensions
> class(last_days_list[1,1])
[1] "POSIXct" "POSIXt" 
> class(last_days_list[1,2])
[1] "NULL"
> class(last_days_list[2,1])
[1] "POSIXct" "POSIXt" 
> class(last_days_list[2,2])
[1] "NULL"
> unclass(last_days_list[1,1])
[1] 1138665600
attr(,"tzone")
[1] "UTC"
> unclass(last_days_list[1,2])
NULL
> unclass(last_days_list[2,1])
[1] 1140739200
attr(,"tzone")
[1] "UTC"
> class(last_days_list_asdate)
[1] "Date"
> class(last_days_list_DFasdate$last_days_list_asdate)
[1] "Date"
> class(yields_rowcolumn$date)
[1] "character"
> yields_rowcolumn_asdate <- yields_rowcolumn %>% 
+     mutate(data = as.Date(data, format = "%d/%m/%Y"))
Error in `mutate()`:
! Problem while computing `data = as.Date(data, format = "%d/%m/%Y")`.
Caused by error in `as.Date.default()`:
! do not know how to convert 'data' to class “Date”
Run `rlang::last_error()` to see where the error occurred.
> yields_rowcolumn_asdate <- yields_rowcolumn %>% 
+     mutate(yields_rowcolumn$date = as.Date(yields_rowcolumn$date, format = "%d/%m/%Y"))
Error: unexpected '=' in:
"yields_rowcolumn_asdate <- yields_rowcolumn %>% 
    mutate(yields_rowcolumn$date ="
> yields_rowcolumn_asdate <- yields_rowcolumn %>% 
+     as.Date(yields_rowcolumn$date, format = "%d/%m/%Y"))
Error: unexpected ')' in:
"yields_rowcolumn_asdate <- yields_rowcolumn %>% 
    as.Date(yields_rowcolumn$date, format = "%d/%m/%Y"))"
> yields_rowcolumn_asdate <- yields_rowcolumn %>% 
+     mutate(yields_rowcolumn$date = as.Date(yields_rowcolumn$date, format = "%d/%m/%Y"))
Error: unexpected '=' in:
"yields_rowcolumn_asdate <- yields_rowcolumn %>% 
    mutate(yields_rowcolumn$date ="
> yields_rowcolumn$date = as.Date(yields_rowcolumn$date, format = "%d/%m/%Y")
> yields_rowcolumn$date = as.Date(yields_rowcolumn$date, format = "%Y%m%d")
> yields_rowcolumn$date = as.Date(yields_rowcolumn_ascharact$date, format = "%Y%m%d")
> yields_rowcolumn$date = yields_rowcolumn_ascharact$date
> yields_rowcolumn$date = dates_list_asdate
> yields_rowcolumn$date = as.Date(dates_list$`yields_rowcolumn$rowname`)
> yields_rowcolumn$date = as.Date(dates_list$`yields_rowcolumn$rowname`,format = "%Y-%m-%d")
> yields_rowcolumn$date = as.Date(dates_list_asdate,format = "%Y-%m-%d")
> yields_rowcolumn$date = as.Date(dates_list_asdate,format = "%d-%m-%Y")
> yields_rowcolumn$date = as.Date(dates_list_asdate,format = "%d-%m-%y")
> yields_rowcolumn$date = dates_list_asdate
> yields_rowcolumn$date = dates_list$`yields_rowcolumn$rowname`
> class(yields_rowcolumn[1,1])
[1] "character"
> yields_rowcolumn$date = as.Date(yields_rowcolumn$date,format = "%d-%m-%Y")
> rename(last_days_list_DFasdate$last_days_list_asdate,"data")
Error in UseMethod("rename") : 
  no applicable method for 'rename' applied to an object of class "Date"
> colnames(last_days_list_DFasdate)[1]<-"date"
> yields_lastday<-inner_join(yields_rowcolumn,last_days_list_DFasdate,by="date")
> View(yields_lastday)
